Reading results for training/bases/result_100000.h5
Ok!  100 results loaded
None
[ 4.00154244e+06 -2.17267582e+06 -4.00154244e+06  1.97267582e+06
  1.34343281e-06 -1.87195837e-07 -1.34389848e-06  6.10598363e-08
 -1.27078965e-06  1.33924186e-06  7.01285899e-07 -1.36258313e-06
  2.49198638e-06 -8.06059688e-07 -3.67872417e-07  1.67812686e-07
  1.14366412e-06 -1.05658546e-06 -4.27570194e-06  1.10710971e-06
  1.26194209e-06  1.82259828e-06 -5.68921678e-07  7.28759915e-08
 -3.49106267e-06  1.50757842e-06  7.24103302e-06 -5.60936314e-07
 -3.19979154e-06 -1.32992864e-06  1.31386332e-06  1.02887861e-06
 -3.85876046e-06  1.44354999e-07  3.34298238e-06 -2.47877324e-07
 -4.92692925e-06  1.44983642e-06  1.88359991e-06 -3.24370922e-06
  7.05628190e-06 -1.79378549e-06 -2.51492020e-06  1.50935375e-06
 -3.21779225e-06  1.35881419e-06  2.48092692e-06 -1.47143874e-06
  1.91612344e-06 -1.47882383e-06 -2.97431503e-06  2.10752709e-06]
[ 8.00443436e+06 -4.35514657e+06 -8.00443436e+06  3.95514657e+06
 -5.19677997e-07  6.91972673e-07  8.47503543e-07 -7.03730620e-07
  1.23120844e-06 -1.34576112e-06 -6.08153641e-07  1.38394535e-06
 -2.05542892e-06  3.92319635e-07  2.56113708e-06 -9.76840965e-07
  4.42052260e-06 -4.06103209e-06 -5.67361712e-06  3.94089147e-06
 -1.01979822e-06  8.59377906e-07  2.00467184e-07  1.25961378e-06
 -5.10737300e-06  1.88429840e-06  9.82172787e-06 -1.74319575e-06
 -8.19098204e-07 -3.36533412e-06 -4.70783561e-06  3.26824374e-06
 -5.62833156e-06  2.91410834e-06  8.38283449e-06 -1.91642903e-06
 -3.38349491e-06 -3.43250576e-07  9.54372808e-07 -1.62457582e-07
 -3.29175964e-06  9.19681042e-09  3.60037666e-06  9.19972081e-07
 -9.06444620e-06  3.24728899e-06  7.42950942e-06 -5.00032911e-06
  4.92145773e-06 -2.30717706e-06 -2.08547948e-06  1.10156637e-06]
[ 1.20060690e+07 -6.54602318e+06 -1.20060690e+07  5.94602318e+06
 -1.49477273e-06  3.55765224e-07  9.25268978e-07 -1.23400241e-06
  3.45706940e-06 -2.51270831e-06 -3.21120024e-06  2.66707502e-06
 -1.47894025e-06  8.85687768e-07  9.42498446e-07 -9.79984179e-07
  2.96160579e-06 -1.75321475e-06 -1.30222179e-06  1.63866207e-06
  2.01445073e-06 -1.84308738e-06 -3.05264257e-06  3.62412538e-06
 -7.76536763e-06  2.87452713e-06  8.35396349e-06 -3.08356539e-06
  4.94904816e-06 -3.50596383e-06 -3.48221511e-06  3.10875475e-06
 -8.08853656e-06  2.31678132e-06  1.73225999e-06 -1.40559860e-06
  3.34170181e-06 -8.81031156e-07  4.68199141e-06  6.17234036e-07
 -4.95335553e-06 -1.68581028e-06  6.53089955e-07  1.98232010e-06
 -1.97649933e-06  6.84172846e-07  3.52226198e-06 -1.40635530e-06
  1.09284883e-07 -1.16345473e-06 -1.10986173e-06  4.46387093e-07]
[ 1.60038474e+07 -8.74389828e+06 -1.60038474e+07  7.94389828e+06
  9.12696123e-07 -9.51811671e-07 -1.01141632e-06  1.14575960e-06
 -7.43195415e-07 -7.25034624e-07  1.35740265e-06  8.13044608e-07
 -4.21889126e-07 -6.45406544e-07 -7.87433237e-07  3.52971256e-07
  6.64964318e-07 -1.20140612e-07 -1.36392191e-06 -8.17934051e-07
  3.38442624e-06  7.10599124e-07 -2.35228799e-06 -1.41886994e-06
  4.97139990e-06 -3.91155481e-07 -2.25193799e-06 -1.21101039e-07
  4.17721458e-06 -6.65895641e-08 -7.13113695e-06  7.11996108e-07
 -2.47964635e-07  1.66753307e-06 -2.12341547e-06 -4.96860594e-07
  8.58679414e-07  1.67579856e-06  5.30853868e-08 -2.09850259e-06
  4.28501517e-06 -4.23751771e-07 -2.95741484e-06  1.28161628e-06
 -7.54604116e-07  1.48080289e-07  5.20446338e-06  2.80502718e-07
 -1.90210994e-06 -1.41258352e-06 -2.01588209e-06  1.08064095e-06]
[ 1.99951935e+07 -1.09473547e+07 -1.99951935e+07  9.94735468e+06
 -1.78813934e-07  1.08033419e-07 -1.83470547e-07  2.10478902e-07
 -6.25848770e-07 -1.82539225e-07  5.26197255e-07 -3.31085175e-07
  2.52295285e-06 -1.07847154e-06 -1.60746276e-06  1.29686669e-06
 -2.06101686e-06  1.38673931e-06  1.97393820e-06 -1.20396726e-06
  3.12924385e-07 -1.43144280e-06 -4.25288454e-06  1.38324685e-06
  1.64844096e-07  2.11875886e-06  4.33949754e-06 -1.25111546e-06
 -1.60001218e-06 -1.78813934e-07  8.40518624e-07 -3.91155481e-08
 -1.47242099e-06 -1.82073563e-07  4.03728336e-06 -1.76019967e-06
  3.10759060e-06 -1.95857137e-06 -1.13081187e-05  1.91852450e-07
  8.28457996e-06  1.37789175e-06 -2.84751877e-06  1.84867531e-07
  1.63877849e-06  7.93254003e-07  2.09023710e-06  9.51200491e-07
 -3.80648999e-06 -1.00128818e-06 -2.87631098e-07  7.70302132e-07]
[ 2.39775696e+07 -1.31549739e+07 -2.39775696e+07  1.19549739e+07
 -9.87201929e-07  1.28522515e-06  1.18464231e-06 -1.53109431e-06
  2.11782753e-06 -1.46031380e-06 -1.50036067e-06  7.79982656e-07
 -3.35276127e-07  3.11061740e-07 -9.35047865e-07  6.71949238e-07
 -4.65661287e-08 -4.02331352e-07  1.04913488e-06  5.28991222e-07
 -5.69969416e-07 -1.77323818e-06  5.95580786e-07  2.08988786e-06
 -2.31154263e-06 -4.42378223e-07  2.26777047e-06  5.07512596e-07
 -4.99188900e-07 -2.21654773e-07  4.30271029e-07 -1.03679486e-06
  1.96974725e-06 -1.26753002e-06 -3.20747495e-06  1.63074583e-06
 -8.29808414e-07  1.82585791e-06  5.10364771e-07 -6.88480213e-07
 -3.01655382e-06  2.05729157e-06  2.25007534e-06 -1.86695252e-06
  1.29686669e-06 -1.20582990e-06  9.96515155e-08  1.61962816e-06
 -2.55845953e-06  5.46686351e-07  2.97999195e-06 -2.07625997e-06]
[ 2.79484910e+07 -1.53653446e+07 -2.79484910e+07  1.39653446e+07
 -7.50645995e-07 -5.79282641e-07 -1.10827386e-07  3.80445272e-07
 -2.79396772e-07  8.19563866e-08  1.15856528e-06 -1.53202564e-07
  9.38773155e-07 -1.15949661e-06 -1.66427344e-06  1.54552981e-06
 -1.88685954e-06 -5.81145287e-07  1.57207251e-06  1.83284283e-06
 -4.26173210e-06  1.44727528e-06  4.55603004e-06 -2.41212547e-06
  3.06963921e-06 -3.04542482e-06 -6.75208867e-07  2.77342042e-06
 -5.00818714e-06  1.67824328e-06  1.37835741e-06 -2.90619209e-06
  7.33509660e-06 -2.19326466e-06 -4.94718552e-06  9.34116542e-07
  1.21933408e-06  7.92555511e-07 -3.46358865e-06  9.56933945e-07
 -4.35858965e-07  1.32899731e-06 -1.84122473e-06  1.46124512e-06
 -5.24311326e-06  2.22399831e-06  1.05906511e-05 -2.41957605e-06
 -8.40984285e-07 -3.03424895e-06 -1.06118976e-06  8.68174158e-07]
[ 3.19055393e+07 -1.75770706e+07 -3.19055393e+07  1.59770706e+07
  4.78699803e-07 -6.18398190e-07 -8.22357833e-07  6.85919076e-07
  1.01886690e-06  6.22123480e-07  9.56468284e-07 -4.76371497e-07
 -1.43796206e-06  5.92321157e-07  5.88595867e-07 -1.38394535e-06
  2.76602805e-06 -1.19209290e-06 -3.64705920e-06  2.16532499e-07
  4.02703881e-06  1.49011612e-08 -5.73368743e-06  1.46310776e-06
 -2.30967999e-07  1.02445483e-08  6.77909702e-06  2.83133704e-06
 -1.11279078e-05  7.91624188e-07  4.52995300e-06 -1.17160380e-06
  3.46265733e-06 -3.49245965e-06  5.53205609e-06  1.98511407e-06
 -8.91648233e-06  6.22356310e-07 -2.40560621e-06 -2.05915421e-06
  8.39098357e-06 -1.92434527e-06 -5.16418368e-06  7.33183697e-07
  2.96405051e-06  1.15530565e-06 -1.03749335e-06 -5.19386958e-07
  3.05240974e-07  1.73924491e-06 -8.37193085e-07 -4.50457760e-07]
[ 3.58463752e+07 -1.97887789e+07 -3.58463752e+07  1.79887789e+07
 -1.35973096e-07 -2.68220901e-07  3.42726707e-07 -3.72529030e-08
  2.98023224e-07  6.07222319e-07 -1.08312815e-06 -4.71249223e-07
 -1.68383121e-06  8.01868737e-07  1.43796206e-06 -1.38208270e-06
  5.31971455e-06 -2.63750553e-06 -2.33575702e-06  1.73272565e-06
  4.24683094e-07 -1.30385160e-08 -3.94135714e-06  1.11386180e-06
 -3.91155481e-07  2.86847353e-07  1.94646418e-06  3.93134542e-07
 -5.77885658e-07  6.42612576e-07  1.95577741e-06 -2.64681876e-06
  5.54881990e-06 -1.16415322e-06 -9.27038491e-06 -5.02914190e-08
  5.16325235e-06  2.10944563e-06 -3.83146107e-06 -1.07847154e-06
  1.31572597e-06  1.26380473e-06 -1.29081309e-06 -2.48104334e-06
  9.58831515e-06  3.86033207e-07 -9.44873318e-06 -1.71503052e-06
  2.90723983e-06  3.62657011e-06 -2.17800463e-06  8.07004142e-07]
[ 3.97687503e+07 -2.19991269e+07 -3.97687503e+07  1.99991269e+07
 -1.41561031e-07 -3.24100256e-07 -2.45869160e-07  1.86264515e-08
  4.02331352e-07  2.60770321e-07 -4.88013029e-07 -2.43075192e-07
  1.43796206e-06 -3.94880772e-07  1.92783773e-07  9.42498446e-07
 -4.16114926e-06  1.97440386e-07 -7.52508640e-07 -3.16649675e-08
  1.92970037e-06  8.82893801e-07  1.53481960e-06 -1.99442729e-06
  3.47010791e-06 -1.05798244e-06 -3.93018126e-06  7.06873834e-07
  2.46381387e-06 -7.94883817e-07  1.11851841e-06  3.04076821e-06
 -8.12485814e-06  1.26287341e-06  5.96325845e-06 -3.67872417e-07
 -3.07150185e-06 -9.61124897e-07 -7.09667802e-07 -1.79745257e-07
  1.51316635e-06  4.35160473e-07  2.81631947e-06 -3.00351530e-07
 -5.11715189e-06  4.67523932e-07  1.53318979e-06 -4.47034836e-08
  1.04727224e-06 -5.23868948e-07  8.88593502e-07 -1.00230812e-06]
[ 4.36705167e+07 -2.42068093e+07 -4.36705167e+07  2.20068093e+07
  6.63101673e-07 -7.00354576e-07  6.48200512e-07  4.64729965e-07
 -7.22706318e-07 -7.00354576e-07  2.55182385e-07  4.77768481e-07
  1.43423676e-06 -5.77419996e-07 -2.15601176e-06  1.09802932e-06
 -2.02096999e-06  9.53674316e-07  3.98233533e-06 -4.84287739e-08
 -2.67475843e-06 -8.94069672e-07  2.70083547e-08  9.00123268e-07
 -2.95788050e-06  6.63101673e-07  3.89665365e-06 -2.19163485e-06
  4.29153442e-06 -1.45658851e-06 -5.52460551e-06 -4.58210707e-07
  5.65499067e-06 -1.33877620e-06 -3.73460352e-06  1.98837370e-06
 -9.71835107e-07  1.26287341e-06 -2.64495611e-06 -3.82773578e-07
  6.28246926e-06 -1.96322799e-06  6.10947609e-07  1.22655183e-06
 -2.95601785e-06  3.93157825e-06 -3.01375985e-06 -3.35753430e-06
  3.38046812e-06  7.76723027e-07 -1.16531081e-06  1.26476710e-07]
[ 4.75496362e+07 -2.64105640e+07 -4.75496362e+07  2.40105640e+07
 -2.08616257e-07  7.04079866e-07  5.73694706e-07 -6.63101673e-07
 -5.06639481e-07  5.79282641e-07 -2.55182385e-07 -1.40070915e-06
  1.84029341e-06  8.00937414e-07 -3.07615846e-06 -4.29339707e-07
  5.99771738e-07  1.20140612e-06  9.68575478e-07 -7.50645995e-07
  5.88595867e-07 -1.46776438e-06  2.22027302e-06  1.91107392e-06
 -5.08874655e-06  1.52736902e-07  7.11530447e-07 -1.49221160e-06
  7.97957182e-06 -1.54227018e-06 -5.71087003e-06  2.07871199e-06
 -8.30879435e-06  4.06242907e-06  5.38583845e-06 -4.60026786e-06
  1.24555081e-05 -4.01213765e-06 -1.10045075e-05  4.26312909e-06
 -8.03265721e-06  3.38023528e-06  9.50135291e-06 -1.91433355e-06
  4.05870378e-06 -2.88663432e-06 -2.42982060e-06  1.71223655e-06
 -3.18745151e-06 -4.84287739e-07  8.37633157e-07  7.17317456e-07]
[ 5.14041874e+07 -2.86091775e+07 -5.14041874e+07  2.60091775e+07
  2.12341547e-07 -3.98606062e-07  1.11572444e-06  7.23637640e-07
 -2.59652734e-06  1.03935599e-06  7.89761543e-07 -1.30385160e-06
  1.37463212e-06 -4.17232513e-07 -1.11013651e-06 -6.13741577e-07
  1.06543303e-06  1.75088644e-06 -2.49594450e-06 -1.60932541e-06
  1.75647438e-06  2.48849392e-06 -2.71946192e-07 -1.61118805e-06
 -2.13086605e-06  1.30198896e-06  7.32019544e-07 -2.59303488e-06
  7.16745853e-06 -2.16066837e-07 -4.55975533e-06  1.21071935e-07
 -1.70804560e-06  1.68383121e-06  1.29640102e-06  1.50874257e-07
 -1.85891986e-06 -1.81561336e-06  1.39698386e-06  2.66730785e-06
 -4.17605042e-06  1.30385160e-08  3.73832881e-06 -6.97560608e-07
  1.95577741e-08 -3.66475433e-06  1.56555325e-06  2.84262933e-06
 -7.41099939e-07 -3.25962901e-08 -7.62292821e-07  4.01345718e-08]
[ 5.52323713e+07 -3.08014901e+07 -5.52323713e+07  2.80014901e+07
  1.08033419e-07  4.76837158e-07 -4.86150384e-07 -2.42143869e-07
  2.45869160e-07 -7.56233931e-07  2.83122063e-07  4.27477062e-07
  1.00582838e-07 -5.28991222e-07  2.16066837e-07  5.86733222e-08
  1.91479921e-06  6.03497028e-07 -2.54809856e-06 -7.04079866e-07
  7.82310963e-07  6.25848770e-07 -2.34972686e-06  3.37138772e-07
 -1.11386180e-06  1.23307109e-06  2.51457095e-06 -4.93368134e-07
  1.41933560e-06 -7.61821866e-07  3.89292836e-06  8.02800059e-07
 -1.07251108e-05  4.15742397e-06 -8.63336027e-07 -4.31295484e-06
  1.18091702e-05 -1.27404928e-06 -1.00210309e-06 -4.69386578e-07
 -6.34416938e-06  1.14552677e-06  9.27597284e-07  9.06176865e-07
  5.42961061e-07  5.25265932e-07  5.45475632e-06 -2.45519914e-06
 -1.55693851e-06 -3.18186358e-06 -3.16543832e-06  3.98546860e-06]
[ 5.90325159e+07 -3.29863990e+07 -5.90325159e+07  2.99863990e+07
 -4.02331352e-07  8.36327672e-07 -2.88709998e-07 -7.77654350e-07
  1.02445483e-06 -1.24797225e-06  1.62050128e-07  1.19209290e-06
 -1.37090683e-06  5.81145287e-07 -1.41002238e-06 -3.99537385e-07
  5.69969416e-07  8.71717930e-07  1.80862844e-06 -1.59814954e-06
  3.01748514e-06 -3.09199095e-07 -4.02424484e-06 -8.00937414e-07
  5.17070293e-06 -7.71135092e-07 -2.81073153e-06  2.81771645e-06
 -7.65919685e-06  1.09709799e-06  2.98582017e-06 -3.36207449e-07
  3.82307917e-06  2.06753612e-07  3.79979610e-07 -3.26335430e-06
  4.27663326e-06  2.22772360e-06 -9.01706517e-06 -2.28732824e-06
  5.27035445e-06  2.77208164e-06 -4.93135303e-07 -2.45403498e-06
  2.02190131e-06 -7.21588731e-06 -2.93832272e-06  8.04895535e-06
 -1.95833854e-06  1.65263191e-06  1.39397225e-06 -6.80527432e-07]
[ 6.28030788e+07 -3.51628621e+07 -6.28030788e+07  3.19628621e+07
  7.22706318e-07  2.98023224e-07 -2.03028321e-07 -7.45058060e-08
 -2.05636024e-06  1.31130219e-06  1.13807619e-06 -1.32340938e-06
  4.84287739e-07 -9.01520252e-07 -7.32019544e-07  7.16187060e-07
 -6.29574060e-07  1.01700425e-06  6.35161996e-07 -1.60839409e-06
  3.76999378e-06  7.07805157e-08 -3.29315662e-06 -4.81493771e-07
  4.43309546e-07  1.94832683e-06 -1.81794167e-06  6.89178705e-08
 -2.25007534e-06 -3.50177288e-07  5.96791506e-06  2.49594450e-06
 -1.07483938e-05 -8.85687768e-07  9.22754407e-06 -4.88944352e-07
  2.59233639e-06 -3.57627869e-07 -4.39118594e-06 -5.90458512e-07
 -2.82051042e-06  3.16463411e-06  5.15440479e-06 -3.19164246e-06
  1.36904418e-06  6.38887286e-07 -1.45100057e-06 -1.05332583e-06
 -1.80699863e-06  1.14925206e-06  6.76302740e-07 -1.57598606e-06]
[ 6.65426487e+07 -3.73299000e+07 -6.65426487e+07  3.39299000e+07
 -6.33299351e-07  1.54972076e-06  1.32806599e-06 -1.66706741e-06
  1.12131238e-06 -5.21540642e-07 -9.07108188e-07  6.74277544e-07
 -3.63588333e-06  1.63540244e-06  1.39325857e-06 -2.01910734e-06
  4.67896461e-06 -5.32716513e-07 -1.03749335e-06 -5.51342964e-07
  2.23517418e-08  9.42498446e-07 -3.78675759e-06  5.70900738e-07
  1.41561031e-07  5.66244125e-07  5.18560410e-06  1.52550638e-06
 -1.06729567e-05 -3.25869769e-06  7.77840614e-06  3.63495201e-06
 -1.99396163e-06 -1.88499689e-06  4.90993261e-06 -6.78002834e-07
 -1.12736598e-06 -1.38580799e-06 -2.99233943e-06  2.47452408e-06
 -3.46265733e-06 -6.22123480e-07  6.85406849e-06  8.33533704e-07
 -4.29246575e-06 -5.31971455e-06  4.46382910e-06  5.31226397e-06
 -4.30108048e-06 -2.01631337e-06  1.59068446e-06  4.80558688e-07]
[ 7.02499456e+07 -3.94865979e+07 -7.02499456e+07  3.58865979e+07
 -4.06056643e-07  2.16066837e-07  9.48086381e-07 -7.22706318e-07
  1.49011612e-06 -4.84287739e-07 -2.16066837e-06  5.58793545e-07
 -8.97794962e-07  4.99188900e-07  1.00582838e-06 -8.36327672e-07
  2.22772360e-06  5.49480319e-07 -3.48687172e-06 -4.47034836e-07
  5.96046448e-07  1.57207251e-06  1.69780105e-06 -6.95697963e-07
 -1.95205212e-06 -2.03773379e-06  2.61329114e-06  1.44168735e-06
  1.30385160e-06 -7.00354576e-07 -3.23355198e-06  8.08387995e-07
 -1.59535557e-06  1.23213977e-06  3.71038914e-06 -2.35252082e-06
  2.92109326e-06 -2.45496631e-06 -7.16187060e-06  2.33761966e-06
  3.41469422e-06  1.16601586e-06 -6.42612576e-07  2.59838998e-07
 -4.07639891e-06  8.25151801e-07  4.05125320e-07  8.74977559e-07
  1.56369060e-06 -4.50294465e-07  1.92540327e-06 -1.41210322e-06]
[ 7.39238197e+07 -4.16321064e+07 -7.39238197e+07  3.78321064e+07
 -2.12341547e-07 -7.22706318e-07  1.67638063e-07  5.06639481e-07
  1.34110451e-06  3.72529030e-08 -7.28294253e-07 -7.26431608e-08
 -1.16229057e-06  2.68220901e-06 -1.59256160e-06 -2.73995101e-06
  2.74181366e-06  9.31322575e-08  1.33365393e-06 -7.97212124e-07
  5.17815351e-07  7.30156898e-07 -5.44451177e-06 -4.39584255e-07
  4.09036875e-06  1.68755651e-06  1.65589154e-06 -9.25734639e-07
 -5.22658229e-06  1.18464231e-06  7.72997737e-07 -2.62074172e-06
  1.06235966e-05 -3.16649675e-06 -9.28342342e-06  2.25380063e-06
 -3.45986336e-07  5.63077629e-06  8.60542059e-07 -4.03821468e-06
  1.13621354e-06 -8.92207026e-07 -4.23379242e-06  3.31550837e-07
  9.35164280e-06  7.00913370e-06 -5.76442108e-06 -6.34230673e-06
 -2.56928615e-06 -3.77651304e-07  2.07643600e-06  9.59005031e-07]
[ 7.75632494e+07 -4.37656416e+07 -7.75632494e+07  3.97656416e+07
 -2.83122063e-07  2.23517418e-08 -2.08616257e-07 -1.54599547e-07
 -4.84287739e-08  2.60770321e-07 -1.54599547e-07  6.70552254e-08
  1.15856528e-06 -1.37835741e-06  7.28294253e-07  2.20350921e-06
 -6.55651093e-06  4.91738319e-07  3.67499888e-06  1.35973096e-07
  8.71717930e-07 -8.34465027e-07  2.01072544e-06 -9.09902155e-07
 -3.27825546e-07 -5.30853868e-07 -2.45869160e-07  9.32719558e-07
 -2.95042992e-06  2.81259418e-06 -1.26287341e-06 -3.21865082e-06
  5.85708767e-06 -2.86940485e-06 -2.13831663e-06  2.16811895e-06
 -1.05565414e-06  1.31130219e-06  1.11758709e-07 -7.35744834e-08
 -8.60076398e-07 -3.94321978e-06  2.82563269e-06  4.39584255e-06
 -5.10457903e-06 -2.25007534e-06  6.13462180e-06  1.63447112e-06
 -1.52946450e-06 -2.41119415e-06 -1.07324774e-06  2.19525546e-06]
[ 8.11673382e+07 -4.58864854e+07 -8.11673382e+07  4.16864854e+07
  6.55651093e-07 -5.06639481e-07  8.56816769e-08  5.58793545e-09
  2.64123082e-06 -1.22189522e-06 -1.96509063e-06  1.59256160e-06
 -2.30595469e-06  1.18464231e-06  8.25151801e-07 -1.03563070e-06
  1.05798244e-06 -5.51342964e-07 -1.16042793e-06  5.23403287e-07
  1.51991844e-06  9.68575478e-08 -2.30036676e-07 -4.65661287e-07
 -1.71363354e-07  3.18884850e-06 -3.44961882e-06 -4.36045229e-06
  9.32812691e-06 -5.21540642e-07 -7.01844692e-06  3.81842256e-07
  7.86967576e-07  5.93531877e-06 -8.90344381e-07 -4.29525971e-06
  1.94692984e-06 -1.42399222e-06  1.19488686e-06  2.51457095e-07
  6.02100044e-07 -5.49480319e-06 -2.96160579e-06  6.23799860e-06
 -9.84407961e-07  1.34017318e-06  2.81352550e-06  3.29222530e-07
 -3.09431925e-06 -1.37556344e-06  1.56560036e-06  3.10514845e-07]
[ 8.47353108e+07 -4.79939840e+07 -8.47353108e+07  4.35939840e+07
 -4.91738319e-07 -1.86264515e-07  1.67638063e-07  5.81145287e-07
 -7.97212124e-07 -2.49594450e-07  1.19395554e-06  6.70552254e-08
 -1.13248825e-06 -1.02445483e-06  7.74860382e-07  7.43195415e-07
  4.17232513e-07 -1.16229057e-06 -4.17232513e-07  9.10833478e-07
  5.73694706e-07  8.49366188e-07  1.76951289e-07 -6.55651093e-07
 -2.19792128e-06  1.14738941e-06 -9.94652510e-07 -1.01048499e-07
  1.29546970e-06  4.09781933e-08  3.96557152e-06  7.80448318e-07
 -1.02249905e-05 -2.94297934e-07  7.99447298e-06  1.43982470e-06
 -3.33786011e-06 -2.12993473e-06  3.47569585e-06 -1.24145299e-06
  3.47895548e-06 -1.80117786e-06 -1.47707760e-06 -4.67523932e-07
  3.04635614e-06  1.11572444e-06 -6.76605850e-06  2.56416388e-06
 -4.03076410e-06 -4.39584255e-07  5.10201942e-06 -7.12036592e-07]
[ 8.82665087e+07 -5.00875471e+07 -8.82665087e+07  4.54875471e+07
 -7.74860382e-07  6.10947609e-07  5.55068254e-07 -4.93600965e-07
 -3.27825546e-07 -4.88013029e-07  1.41561031e-06  1.11758709e-07
 -1.49011612e-08 -6.55651093e-07 -9.55536962e-07  1.76951289e-07
  1.72108412e-06 -1.11758709e-07 -2.66171992e-06  8.19563866e-08
  1.34110451e-06  1.35228038e-06 -1.00582838e-06 -1.03935599e-06
  3.12924385e-07  2.80514359e-06 -2.96533108e-06 -1.78627670e-06
  1.19954348e-06  1.38580799e-06  4.71994281e-06 -3.04542482e-06
  2.33575702e-06 -2.87219882e-06 -4.93973494e-06  2.98768282e-06
 -1.27498060e-06  1.07288361e-06  2.88989395e-06 -7.74860382e-07
  3.39467078e-07  1.12224370e-06 -4.91924584e-06 -1.31689012e-06
  3.82005237e-06  2.24960968e-06 -2.98302621e-06 -2.02143565e-06
  2.41701491e-06 -8.63336027e-07 -2.78653628e-07  1.37900980e-06]
[ 9.17603851e+07 -5.21666460e+07 -9.17603851e+07  4.73666460e+07
  1.13248825e-06  2.79396772e-07  2.38418579e-07 -6.51925802e-08
 -1.43051147e-06  2.49594450e-07  4.91738319e-07 -4.39584255e-07
  6.78002834e-07 -2.08616257e-07 -6.63101673e-07 -4.37721610e-07
  9.53674316e-07  2.90572643e-07 -2.72504985e-06 -6.57513738e-07
  4.18722630e-06 -4.09781933e-07 -2.20537186e-06  6.94766641e-07
 -5.62518835e-07 -1.13248825e-06 -1.48266554e-06  3.02121043e-06
 -2.20630318e-06 -2.19792128e-07  6.97001815e-06 -1.66147947e-06
  2.11223960e-06 -4.73111868e-07 -9.10460949e-06 -3.72529030e-07
  7.69831240e-06  4.47500497e-06 -2.85636634e-06 -2.57883221e-06
 -4.57605347e-06  2.19419599e-06  1.59814954e-06  3.66941094e-07
 -3.70969065e-06 -1.31642446e-06  8.19563866e-06 -8.25151801e-07
 -1.51945278e-06 -2.41864473e-06 -9.88137801e-07  1.76592116e-06]
[ 9.52164992e+07 -5.42308118e+07 -9.52164992e+07  4.92308118e+07
  2.30967999e-07  1.63912773e-06  4.13507223e-07 -1.19395554e-06
 -7.30156898e-07  6.03497028e-07  1.94832683e-06 -2.32830644e-07
 -3.08081508e-06 -1.03935599e-06  3.55765224e-07  1.17346644e-07
  2.72691250e-06 -7.45058060e-08 -2.93366611e-06 -1.46590173e-06
  6.08712435e-06  3.76254320e-07 -4.41260636e-06  1.54599547e-07
 -8.94069672e-07  1.57579780e-06 -1.43237412e-06 -1.00210309e-06
  4.74974513e-06 -2.35810876e-06  1.92783773e-06  1.90921128e-06
 -6.33951277e-06 -2.57417560e-06 -1.15856528e-06  3.31550837e-06
  5.14928252e-06  9.05245543e-07 -6.32368028e-06 -1.92597508e-06
  7.37793744e-06 -4.43030149e-06 -3.24286520e-06  4.87081707e-06
 -1.28988177e-06  4.68641520e-06  3.89665365e-06 -3.58652323e-06
 -4.09269705e-06 -4.41726297e-06  1.45831079e-06  4.23560555e-06]
[ 9.86345109e+07 -5.62796326e+07 -9.86345109e+07  5.10796326e+07
  1.38580799e-06  4.95463610e-07 -7.45058060e-08 -6.03497028e-07
 -4.91738319e-07 -5.21540642e-08 -1.04308128e-07 -4.47034836e-08
  5.66244125e-07 -1.34110451e-07 -8.77305865e-07  5.34579158e-07
 -5.36441803e-07 -1.14738941e-06  2.65985727e-06  1.35041773e-06
 -1.97440386e-06 -1.90734863e-06  1.32247806e-07  1.46031380e-06
  1.06543303e-06 -2.16066837e-07  9.42498446e-07  5.84870577e-07
 -4.58862633e-06 -2.87219882e-06  3.55951488e-06  5.23030758e-06
 -9.11206007e-06 -6.23054802e-06  1.09151006e-05  5.11854887e-06
 -1.90921128e-06  1.94087625e-06 -2.27242708e-06 -2.15321779e-06
 -9.77888703e-07 -1.19581819e-06  5.15393913e-06 -1.06915832e-06
 -1.31200068e-06 -3.49804759e-06 -5.85895032e-06  5.52274287e-06
  8.54255632e-07 -1.33365393e-06  3.54469242e-06  3.04705894e-07]
[ 1.02014174e+08 -5.83127516e+07 -1.02014174e+08  5.29127516e+07
 -2.98023224e-08  5.66244125e-07 -4.20957804e-07 -7.32019544e-07
  2.08616257e-06 -1.59442425e-06 -8.34465027e-07  1.42306089e-06
 -1.23679638e-06  1.75088644e-06 -5.81145287e-07 -1.63167715e-06
  2.69711018e-06 -1.11758709e-06 -2.44565308e-06  1.38580799e-06
  1.52736902e-07  1.32620335e-06  2.55368650e-06 -1.71177089e-06
  3.87430191e-07 -1.37090683e-06 -3.73274088e-06  3.26335430e-06
 -3.87430191e-06  7.63684511e-07  8.08574259e-06 -1.00024045e-06
 -3.37045640e-06  1.89803541e-06  2.14576721e-06 -1.32620335e-06
 -4.14811075e-06 -7.15721399e-06  4.92483377e-06  4.64171171e-06
 -6.42612576e-07  6.33765012e-06 -8.07084143e-06 -4.70131636e-06
  8.44872557e-06  1.32434070e-06 -2.21561641e-06 -3.89665365e-06
  3.33832577e-06  2.76230276e-06 -3.02928003e-06 -1.00582870e-06]
[ 1.05355330e+08 -6.03298640e+07 -1.05355330e+08  5.47298640e+07
  1.22189522e-06 -4.99188900e-07 -8.23289156e-07  3.59490514e-07
 -3.72529030e-08 -8.94069672e-08 -2.23517418e-07  7.37607479e-07
 -1.17719173e-06 -9.38773155e-07  2.50153244e-06  1.14552677e-06
 -2.40281224e-06 -1.27404928e-06  1.31316483e-06  1.09709799e-06
  2.98023224e-07 -2.01165676e-07 -2.88709998e-07  4.07919288e-07
 -3.53902578e-06  1.02445483e-06  3.06591392e-06 -1.89989805e-07
  1.60187483e-07 -5.09619713e-06  5.12599945e-06  4.24869359e-06
 -1.01625919e-05  3.89665365e-06  3.68058681e-06 -3.29315662e-06
  4.34275717e-06  2.08243728e-06 -6.82100654e-06 -3.98978591e-06
  9.77655873e-06  2.85264105e-06 -9.82265919e-06 -2.57045031e-06
  2.11293809e-06  1.65589154e-06  4.98630106e-06 -6.79865479e-08
 -4.28874046e-06  1.10082328e-06  1.06066168e-06 -2.21866729e-06]
[ 1.08657904e+08 -6.23307143e+07 -1.08657904e+08  5.65307143e+07
 -1.93715096e-07  9.31322575e-07  7.56233931e-07 -8.27014446e-07
  1.49011612e-07 -7.45058060e-08 -1.19581819e-06 -2.23517418e-07
  1.78813934e-07  5.36441803e-07 -1.60187483e-07 -9.14558768e-07
  3.23355198e-06  1.34110451e-07 -2.28732824e-06  5.43892384e-07
 -1.99303031e-06 -2.08616257e-07  5.13531268e-06  7.24568963e-07
 -4.44054604e-06 -2.27615237e-06  5.43892384e-07  3.39839607e-06
 -3.58186662e-06 -2.28174031e-06  6.48200512e-06  2.42888927e-06
 -4.93973494e-06  2.23144889e-06  4.55230474e-06 -1.68755651e-06
 -4.35672700e-06  4.13507223e-06  3.89292836e-06 -4.02145088e-06
 -5.44684008e-06  2.83122063e-07  3.14321369e-06 -1.89431012e-06
  6.75092451e-06  4.23006713e-06 -6.09643757e-06 -5.61866909e-06
  2.21421942e-07  1.28429383e-06  8.18534030e-09 -8.04099666e-07]
[ 1.11921894e+08 -6.43150934e+07 -1.11921894e+08  5.83150934e+07
 -2.68220901e-07  0.00000000e+00  4.02331352e-07 -5.40167093e-08
  2.90572643e-07 -1.03563070e-06 -7.33882189e-07  1.17719173e-06
  5.06639481e-07 -2.08616257e-07  3.16649675e-07 -2.03028321e-07
  4.91738319e-07 -1.04308128e-07 -1.94460154e-06 -6.14672899e-08
  1.51991844e-06  1.08033419e-06 -2.26497650e-06 -9.90927219e-07
  3.20374966e-06 -3.35276127e-07  2.83122063e-06  1.18557364e-06
 -9.01613384e-06 -3.98792326e-06  6.02006912e-06  4.50760126e-06
 -8.97794962e-07 -6.08712435e-06  9.07108188e-07  4.97326255e-06
 -4.51412052e-06  9.90927219e-07  2.93180346e-06  1.66893005e-06
 -2.34832987e-06  2.51829624e-06  5.78537583e-06 -5.22285700e-06
 -3.05543654e-06 -5.03659248e-06 -3.61353159e-07  6.40191138e-06
 -1.07474625e-06  1.20047480e-06  1.20509333e-06 -2.25897789e-06]
[ 1.15147371e+08 -6.62828360e+07 -1.15147371e+08  6.00828360e+07
  9.01520252e-07 -4.32133675e-07 -1.49011612e-07  4.86150384e-07
 -1.11013651e-06  1.12876296e-06  9.57399607e-07 -6.42612576e-07
 -1.41561031e-06 -8.49366188e-07  1.16229057e-06  6.25848770e-07
  2.45869160e-07 -7.45058060e-07  1.50501728e-06  3.25962901e-07
 -1.27404928e-06 -4.47034836e-08 -4.91738319e-07 -4.47034836e-08
  4.91738319e-07  3.42726707e-07 -2.41026282e-06 -1.65682286e-06
  9.32253897e-06  5.93066216e-06 -1.01886690e-05 -7.26804137e-06
  8.08387995e-06  5.68479300e-06 -8.06152821e-06 -5.79468906e-06
  1.16797164e-05  1.00210309e-06 -1.38543546e-05 -5.71832061e-07
  8.11554492e-06  1.52457505e-06 -1.90176070e-06  7.70203769e-07
 -7.39260577e-06 -1.55903399e-06  7.40960240e-06  2.33482569e-06
  1.52993016e-06  1.47148967e-06 -2.46528367e-06 -2.12642819e-06]
[ 1.18334467e+08 -6.82338170e+07 -1.18334467e+08  6.18338170e+07
 -1.84774399e-06  3.57627869e-07  1.13248825e-06 -7.07805157e-07
  2.14576721e-06  4.32133675e-07 -2.40281224e-06 -3.79979610e-07
 -1.19209290e-07  7.45058060e-07  2.08616257e-06 -9.53674316e-07
  6.10947609e-07 -3.16649675e-07 -3.44403088e-06  3.94880772e-07
  1.34482980e-06  1.82539225e-07  1.35041773e-06 -6.14672899e-08
 -1.82539225e-06  2.75671482e-07  3.50177288e-07 -8.78237188e-07
  4.53740358e-06 -8.40052962e-07 -5.94556332e-06  1.30012631e-06
 -9.35979187e-07  1.17346644e-07  3.78303230e-06  5.47617674e-07
  8.94069672e-08  8.19563866e-08 -8.23289156e-07  7.82310963e-08
 -2.78465450e-06  5.72577119e-06  1.26753002e-06 -6.15697354e-06
  6.26873225e-06 -5.89154661e-06 -2.24728137e-06  3.35276127e-06
 -3.45753506e-06  2.93366611e-07  6.68821515e-07  2.15969764e-06]
[ 1.21483373e+08 -7.01679493e+07 -1.21483373e+08  6.35679493e+07
 -1.41561031e-07  3.57627869e-07  1.93715096e-07 -5.36441803e-07
  1.74343586e-06 -5.96046448e-08 -8.79168510e-07  2.60770321e-08
 -9.83476639e-07 -2.98023224e-07  6.29574060e-07  1.93715096e-07
  8.34465027e-07 -6.40749931e-07 -9.10833478e-07  2.77534127e-07
  4.91738319e-07 -9.23871994e-07 -1.84774399e-06  1.41374767e-06
  1.01327896e-06  2.89827585e-06 -1.75833702e-06 -3.11527401e-06
  4.65102494e-06  2.78092921e-06 -5.05149364e-06 -3.41981649e-06
  5.11482358e-06 -1.26659870e-07 -2.39536166e-06 -9.53674316e-07
  5.81145287e-06  2.64681876e-06 -7.87898898e-06 -1.68383121e-06
 -4.78699803e-07  1.74250454e-06  3.36300582e-06  4.48897481e-07
 -5.19584864e-06 -4.01400030e-06  5.49480319e-07  4.41633165e-06
  3.37068923e-06  1.14459544e-06  2.28837471e-08 -2.56262761e-06]
[ 1.24594334e+08 -7.20851809e+07 -1.24594334e+08  6.52851809e+07
 -1.10268593e-06  9.76026058e-07  1.77323818e-06 -4.80562449e-07
 -1.26659870e-06 -1.11013651e-06  1.04308128e-06  4.09781933e-07
  1.93715096e-07 -1.17719173e-06 -9.94652510e-07  1.20699406e-06
 -8.12113285e-07  6.55651093e-07  2.25380063e-07 -3.12924385e-07
  9.38773155e-07 -1.81421638e-06  1.98744237e-06  8.79168510e-07
 -8.79168510e-07  3.72529030e-08  3.57627869e-07  1.37463212e-06
 -7.02030957e-06 -1.01514161e-06  5.68479300e-06  2.22027302e-06
 -4.64823097e-06 -6.89178705e-06  6.97001815e-06  4.71621752e-06
 -4.30643559e-06 -4.04193997e-07  1.31316483e-06 -1.02445483e-07
  5.04590571e-06 -9.67644155e-07 -8.90716910e-06 -1.86264515e-07
  8.41799192e-06  3.14414501e-06 -9.41753387e-06 -2.10199505e-06
  3.48943286e-06 -1.69407576e-06  1.60168627e-06  2.47109263e-06]
[ 1.27667639e+08 -7.39854915e+07 -1.27667639e+08  6.69854915e+07
  2.98023224e-07 -1.49011612e-07  5.66244125e-07  6.29574060e-07
 -2.41398811e-06  4.47034836e-08  1.41561031e-06 -5.02914190e-07
  1.19209290e-06 -2.23517418e-07 -2.48849392e-06  1.63912773e-07
 -2.23517418e-08  6.29574060e-07  1.83284283e-06 -5.86733222e-07
 -3.65078449e-07 -8.64267349e-07 -7.07805157e-07  2.68220901e-07
  3.03238630e-06 -1.59442425e-06 -2.21282244e-06  1.76578760e-06
 -1.98278576e-06 -4.17232513e-07  4.28408384e-06  1.84774399e-06
 -6.75115734e-06 -1.32806599e-06  5.02169132e-06  1.92038715e-06
 -1.92504376e-06  5.81890345e-06 -2.20537186e-06 -7.01844692e-06
  1.08922832e-05  2.41771340e-06 -1.24089420e-05 -3.53343785e-06
  1.11302361e-05  1.12317502e-05 -8.20867717e-06 -1.14245340e-05
  4.16487455e-06  9.30391252e-07 -2.27666879e-06 -5.70333389e-08]
[ 1.30703621e+08 -7.58688909e+07 -1.30703621e+08  6.86688909e+07
 -5.06639481e-07  5.96046448e-08  4.32133675e-07 -2.71946192e-07
  1.49011612e-08 -3.12924385e-07 -1.00582838e-07  4.84287739e-08
  6.85453415e-07  3.12924385e-07 -7.30156898e-07 -4.43309546e-07
  5.06639481e-07 -1.02818012e-06 -3.25962901e-07  1.11013651e-06
 -4.47034836e-08 -9.27597284e-07 -1.43237412e-06  1.04308128e-06
  1.68383121e-06  2.38418579e-06 -5.96046448e-07 -2.37673521e-06
  2.36835331e-06  3.03238630e-06 -7.22706318e-07 -2.33948231e-06
 -6.04242086e-06 -4.53181565e-06  7.59959221e-06  6.06477261e-06
 -1.33914873e-05 -7.65174627e-06  1.45323575e-05  6.78934157e-06
 -3.30992043e-06  2.65985727e-06 -4.49456275e-06 -1.97440386e-06
  4.93787229e-06  5.51529229e-06 -1.10967085e-06 -6.25289977e-06
 -2.08150595e-06 -3.16370279e-06  1.82145825e-06  2.06200164e-06]
[ 1.33702653e+08 -7.77354154e+07 -1.33702653e+08  7.03354154e+07
 -2.23517418e-07  7.74860382e-07  3.83704901e-07 -4.17232513e-07
 -9.53674316e-07 -3.27825546e-07  1.38580799e-06  2.34693289e-07
  6.25848770e-07 -2.50339508e-06  1.07288361e-06  2.46986747e-06
 -4.00841236e-06 -1.53481960e-06  2.53506005e-06  2.08243728e-06
 -2.13086605e-06 -1.10268593e-06  2.71759927e-06  2.53319740e-07
 -2.98023224e-08 -2.26497650e-06 -5.68479300e-06  1.72480941e-06
  9.28249210e-06  6.88619912e-06 -3.11434269e-06 -8.15838575e-06
  4.48618084e-06  3.87616456e-06 -8.17328691e-06 -1.90176070e-06
 -1.99675560e-06  9.94652510e-07  4.69759107e-06 -7.89761543e-07
  2.79024243e-06  2.59093940e-06 -4.93228436e-06 -3.21026891e-06
  4.04636376e-06  5.55068254e-07 -8.19563866e-08 -5.44823706e-07
 -4.16440889e-06 -8.41915607e-07  1.84927081e-06  1.07588817e-06]
[ 1.36665136e+08 -7.95851263e+07 -1.36665136e+08  7.19851263e+07
 -1.68383121e-06  4.47034836e-08  7.56233931e-07 -4.47034836e-08
  1.13248825e-06 -2.15321779e-06  8.75443220e-07  1.97812915e-06
 -1.78813934e-06  4.47034836e-08 -1.37835741e-07  7.15255737e-07
 -2.04145908e-06  1.16229057e-06  2.23703682e-06 -1.20699406e-06
 -8.34465027e-07 -2.03028321e-06  1.65216625e-06  1.05239451e-06
 -1.04308128e-07 -3.44961882e-06  1.50874257e-06  2.96533108e-06
 -3.03890556e-06 -2.57045031e-06  4.09781933e-07  3.15532088e-06
  2.10851431e-06  3.65823507e-06 -3.89479101e-06 -3.88920307e-06
  3.87150794e-06 -5.91017306e-06  9.49949026e-07  5.14835119e-06
 -3.38768587e-06  5.84870577e-06 -1.37090683e-06 -3.74764204e-06
 -1.56182796e-06 -1.05202198e-05  7.37328082e-06  7.82776624e-06
 -1.14808790e-06  3.71225178e-06 -2.33273397e-06 -2.03982201e-06]
[ 1.39591504e+08 -8.14181068e+07 -1.39591504e+08  7.36181068e+07
  1.49011612e-07 -1.07288361e-06  1.93715096e-07  9.79751348e-07
 -1.51991844e-06  5.73694706e-07  2.53319740e-07  5.96046448e-08
  2.98023224e-07 -2.07126141e-06  2.75298953e-06  1.87382102e-06
 -3.34531069e-06  5.06639481e-07  1.38767064e-06  3.72529030e-09
 -1.96695328e-06 -1.55717134e-06  1.31130219e-06  1.28708780e-06
 -4.47034836e-07  1.54972076e-06 -3.12924385e-07 -1.30012631e-06
 -2.14204192e-07 -9.05245543e-07  2.90572643e-07  7.37607479e-07
  9.52742994e-07 -1.57207251e-06  3.76813114e-06  6.10947609e-07
 -4.84660268e-06  3.44216824e-06 -4.80562449e-07 -3.39746475e-06
  8.55280086e-06  6.61239028e-07 -8.27200711e-06 -3.87430191e-07
 -1.63237564e-06  2.97464430e-06  5.55999577e-06 -2.82842666e-06
 -2.01677904e-06 -1.17905438e-06 -4.45264909e-07  9.55836512e-07]
[ 1.42482215e+08 -8.32344605e+07 -1.42482215e+08  7.52344605e+07
 -5.21540642e-07 -4.61935997e-07  6.25848770e-07  3.83704901e-07
 -5.28991222e-07  1.78813934e-07 -8.45640898e-07  1.49011612e-08
  7.97212124e-07  3.42726707e-07  1.32992864e-06 -8.90344381e-07
 -1.19209290e-07  1.98185444e-06 -1.20699406e-06 -1.07288361e-06
 -9.49949026e-07  0.00000000e+00  1.91293657e-06  1.86264515e-07
 -3.22610140e-06 -3.35276127e-08  2.26497650e-06 -2.58907676e-06
  1.07958913e-05  3.66568565e-06 -1.55866146e-05 -2.82377005e-06
  6.11320138e-06  5.53019345e-06  1.92783773e-06 -4.81307507e-06
 -5.23310155e-06 -1.69314444e-06 -1.08405948e-06  9.31322575e-07
  1.14310533e-05  3.20374966e-06 -1.10305846e-05 -2.52947211e-06
  2.30316073e-06  1.68569386e-06  2.92528421e-06 -2.44192779e-06
 -2.06497498e-06 -1.07102096e-06 -3.01449360e-07  2.12290761e-06]
[ 1.45337747e+08 -8.50343087e+07 -1.45337747e+08  7.68343087e+07
 -1.78813934e-07  6.48200512e-07  8.45640898e-07 -4.47034836e-07
 -1.04308128e-06 -9.83476639e-07  1.02818012e-06  1.17719173e-06
 -2.11596489e-06 -2.53319740e-07  9.68575478e-07  5.06639481e-07
 -4.61935997e-07 -1.72853470e-06  1.29640102e-06  5.99771738e-07
  1.11758709e-06  2.16066837e-06 -2.30409205e-06 -1.81049109e-06
  6.55651093e-07 -2.98023224e-06  1.54227018e-06  3.27080488e-06
 -4.43123281e-06 -3.12924385e-06  8.19936395e-06  2.76416540e-06
 -5.67641109e-06  4.82983887e-06 -1.63540244e-06 -3.08454037e-06
  2.94577330e-06  2.39163637e-06  1.24797225e-06 -3.47197056e-06
 -3.22656706e-06 -1.11386180e-06 -8.92207026e-07  4.48897481e-07
  2.76323408e-06 -8.97794962e-07 -3.85567546e-07  7.86036253e-07
  2.47964635e-07  7.64615834e-07 -4.28894229e-07 -6.52010763e-07]
[ 1.48158598e+08 -8.68177890e+07 -1.48158598e+08  7.84177890e+07
  4.47034836e-07 -1.78813934e-07  8.97794962e-07  1.11758709e-08
 -3.20374966e-07 -7.00354576e-07  2.83122063e-07  8.15838575e-07
 -1.44541264e-06  7.89761543e-07  3.91155481e-07 -1.02818012e-06
  2.29477882e-06  2.08616257e-07 -6.70552254e-07  7.45058060e-08
 -3.25590372e-06  8.64267349e-07  1.54227018e-06 -6.85453415e-07
  7.67409801e-07  1.22189522e-06 -2.22027302e-06 -1.65402889e-06
  5.51342964e-06  4.35858965e-07 -3.44216824e-06 -7.89761543e-07
 -2.95415521e-06 -1.49011612e-07  4.93973494e-06  6.25848770e-07
 -2.10665166e-06 -4.14438546e-06  1.08219683e-06  3.95067036e-06
 -7.93160871e-06 -3.35834920e-06  7.27176666e-06  3.76813114e-06
  9.69204120e-06  6.02286309e-06 -1.01607293e-05 -8.10064375e-06
 -2.82190740e-07 -4.99188900e-07  5.42080762e-07  2.23697429e-06]
[ 1.50945282e+08 -8.85850533e+07 -1.50945282e+08  7.99850533e+07
 -3.57627869e-07  7.45058060e-07  4.47034836e-07 -4.88013029e-07
 -7.22706318e-07 -8.34465027e-07  1.12876296e-06  4.61935997e-07
  2.08616257e-07  8.41915607e-07 -1.57952309e-06 -8.45640898e-07
  1.58697367e-06  9.53674316e-07 -5.51342964e-07 -7.33882189e-07
 -8.08387995e-07 -8.64267349e-07  1.77323818e-06 -9.31322575e-08
  1.57207251e-06  4.30643559e-06 -4.31388617e-06 -2.65613198e-06
 -2.32364982e-06 -9.95397568e-06  8.51601362e-06  8.90344381e-06
 -1.08480453e-05  7.45058060e-08  3.61353159e-06  1.83656812e-06
  8.85687768e-06  4.63239849e-06 -7.54836947e-06 -8.03917646e-06
  7.53579661e-06  3.74391675e-06 -1.02538615e-05 -3.50177288e-07
  3.72901559e-06  2.50339508e-06  3.07755545e-06 -4.96767461e-06
 -4.47570346e-06 -2.81073153e-06  1.73212362e-06  3.64450076e-06]
[ 1.53698323e+08 -9.03362660e+07 -1.53698323e+08  8.15362660e+07
 -5.21540642e-07 -3.79979610e-07 -1.30757689e-06  3.46451998e-07
  2.50339508e-06  2.38418579e-07  1.34482980e-06 -1.49011612e-08
 -3.68803740e-06  7.74860382e-07 -8.82893801e-07 -1.22562051e-06
  5.40912151e-06  1.95205212e-06 -6.03869557e-06 -2.38418579e-06
  4.90248203e-06  8.34465027e-07 -1.35600567e-06 -1.16229057e-06
  4.65661287e-07 -1.65402889e-06 -2.02655792e-06  9.31322575e-07
  8.35303217e-06  5.76674938e-06 -1.09970570e-05 -4.88013029e-06
  6.31529838e-06  3.55578959e-06 -6.48573041e-06 -3.29315662e-06
  1.44820660e-05  6.72973692e-06 -1.24955550e-05 -7.58841634e-06
  1.09709799e-06 -2.33203173e-06  2.19792128e-07  3.15904617e-06
 -1.17812306e-06 -1.16601586e-06 -2.76602805e-07  3.68803740e-06
  3.06987204e-06  2.74367630e-06 -1.13529790e-06 -4.40494528e-06]
[ 1.56418256e+08 -9.20716027e+07 -1.56418256e+08  8.30716027e+07
  9.08970833e-07  2.83122063e-07  4.76837158e-07 -1.82539225e-07
 -5.14090061e-07  3.05473804e-07 -2.79396772e-07 -4.02331352e-07
 -8.94069672e-08 -2.08616257e-07 -7.93486834e-07  5.36441803e-07
 -1.13248825e-06 -1.49011612e-08  1.01700425e-06  2.53319740e-07
  2.64123082e-06 -5.36441803e-07 -1.34855509e-06 -2.08616257e-07
 -1.90734863e-06  1.82911754e-06  4.65661287e-07 -4.58210707e-07
  6.70552254e-07 -1.72853470e-06  8.94069672e-08  1.11758709e-07
  3.85195017e-06  4.04380262e-06 -9.38773155e-07 -3.09944153e-06
 -7.59540126e-06  2.98023224e-07  4.80003655e-06  6.92903996e-07
  1.25914812e-06 -2.45869160e-07  8.97794962e-07 -1.27591193e-06
 -6.66081905e-06 -6.13089651e-06  8.73021781e-06  5.65126538e-06
 -4.40096483e-06  2.38418579e-06  3.05850081e-07 -1.74585387e-06]
[ 1.59105624e+08 -9.37912485e+07 -1.59105624e+08  8.45912485e+07
  5.96046448e-08 -5.81145287e-07 -2.98023224e-07  5.10364771e-07
  5.96046448e-07 -7.45058060e-08 -1.82539225e-07  7.45058060e-08
 -1.71363354e-07 -8.94069672e-08  9.53674316e-07  5.81145287e-07
 -2.59280205e-06 -2.77906656e-06  3.92086804e-06  3.20374966e-06
 -6.13927841e-06 -4.02331352e-07  2.49594450e-06 -3.01748514e-07
  7.16000795e-06  7.15255737e-07 -8.13603401e-06 -6.25848770e-07
 -2.61422247e-06  4.96208668e-06  7.72252679e-06 -4.00468707e-06
 -2.17091292e-06 -6.93090260e-06  2.29664147e-06  3.09944153e-06
 -3.74531373e-06  7.67409801e-07 -2.04890966e-06  2.07312405e-06
  4.99980524e-06 -2.52947211e-06 -2.38604844e-06  1.68010592e-06
 -8.03428702e-06 -8.48621130e-06  1.09244138e-05  9.08784568e-06
 -3.50270420e-06  1.05611980e-06  9.13193530e-07 -1.06074969e-06]
[ 1.61760975e+08 -9.54953969e+07 -1.61760975e+08  8.60953969e+07
  1.43051147e-06 -8.94069672e-07 -1.64657831e-06  6.44475222e-07
  4.54485416e-07 -8.19563866e-08  2.12341547e-07  6.55651093e-07
 -6.25848770e-07  1.63912773e-07 -5.96046448e-08 -6.33299351e-08
 -9.31322575e-07 -1.18464231e-06  8.02800059e-07  1.08405948e-06
  8.86619091e-07 -1.11758709e-06 -1.40257180e-06  4.32133675e-07
  3.20747495e-06 -2.92062759e-06 -9.01520252e-07  1.94087625e-06
  1.24610960e-06  6.29201531e-06 -5.14835119e-06 -3.23355198e-06
 -5.53485006e-06 -1.05202198e-05  1.24853104e-05  8.24034214e-06
 -7.16233626e-06 -4.19281423e-06  1.57207251e-06  5.46872616e-06
 -1.44401565e-06 -4.05311584e-06  6.94207847e-06  2.25566328e-06
 -2.42516398e-06  7.97212124e-06 -6.48666173e-06 -3.71225178e-06
  5.81401400e-06 -3.57627869e-07 -1.28782687e-06 -2.50577030e-06]
[ 1.64384861e+08 -9.71842483e+07 -1.64384861e+08  8.75842483e+07
  1.44541264e-06 -1.04308128e-07  5.14090061e-07 -1.75088644e-07
 -1.99675560e-06  2.01165676e-07 -8.34465027e-07  3.57627869e-07
  1.49011612e-07  2.90572643e-07  4.02331352e-07 -5.47617674e-07
  1.53481960e-06 -5.88595867e-07 -7.02217221e-07  1.45286322e-07
 -1.78813934e-07  6.55651093e-07  4.39584255e-07 -7.82310963e-08
 -8.41915607e-07  8.49366188e-07  1.82539225e-06 -1.05425715e-06
 -2.63191760e-06  1.44541264e-06 -1.59442425e-06 -1.08778477e-06
  6.87036663e-06  1.75461173e-06 -4.61563468e-06 -1.89244747e-06
 -1.98697671e-06 -6.70552254e-07 -1.58883631e-06  5.99771738e-07
  1.48713589e-05  6.61239028e-06 -1.17067248e-05 -7.44313002e-06
  1.87917612e-06  4.50015068e-06 -4.59700823e-06 -1.80490315e-06
  4.95160930e-06  1.26846135e-06 -1.52925041e-06 -3.22326379e-06]
[ 1.66977834e+08 -9.88580091e+07 -1.66977834e+08  8.90580091e+07
  2.20537186e-06 -7.74860382e-07 -2.38418579e-07  2.34693289e-07
 -1.93715096e-07  1.04308128e-06 -1.81421638e-06 -5.25265932e-07
  7.22706318e-07  1.04308128e-07 -5.36441803e-07  4.17232513e-07
 -1.43051147e-06  9.68575478e-07  1.99489295e-06 -1.25169754e-06
  1.68383121e-06 -2.22027302e-06 -6.76140189e-07  1.02818012e-06
  1.78813934e-07  3.94880772e-07 -1.87009573e-06  3.72529030e-07
  2.40840018e-06  2.23889947e-06 -2.45869160e-07 -1.29640102e-06
 -9.89064574e-06 -2.19419599e-06  8.99285078e-06  2.39163637e-06
  5.17955050e-06 -1.48266554e-06 -4.83635813e-06 -5.88595867e-07
 -9.30065289e-06 -4.35113907e-06  1.17607415e-05  5.04404306e-06
 -9.48249362e-06 -6.88061118e-06  6.65429980e-06  7.00913370e-06
 -5.38094901e-06 -5.16697764e-06  4.71986085e-06  5.60475774e-06]
[ 1.69540450e+08 -1.00516891e+08 -1.69540450e+08  9.05168909e+07
 -5.66244125e-07 -4.32133675e-07  4.39584255e-07  4.43309546e-07
  3.57627869e-07 -1.16229057e-06  2.98023224e-07  1.10641122e-06
 -1.01327896e-06  6.70552254e-08  5.62518835e-07 -2.08616257e-07
  8.34465027e-07 -3.12924385e-07 -1.17905438e-06 -2.34693289e-07
  1.66147947e-06 -8.49366188e-07 -1.57952309e-06  1.35600567e-06
  7.33882189e-07  1.63912773e-06  1.78441405e-06 -1.24052167e-06
 -7.61356205e-06 -1.49011612e-08  4.42564487e-06  8.19563866e-07
  1.13993883e-06 -4.47034836e-06  1.70618296e-06  2.95042992e-06
 -7.39842653e-06 -4.17232513e-06  8.59610736e-06  3.91900539e-06
 -1.44820660e-07  5.57489693e-06 -7.23637640e-06 -3.93390656e-06
  1.12496782e-05  8.49366188e-07 -7.29924068e-06 -2.65426934e-06
 -1.14715658e-06  1.07288361e-06  1.37157259e-06 -2.35526566e-07]
[ 1.72073261e+08 -1.02161109e+08 -1.72073261e+08  9.19611088e+07
  1.49011612e-06 -2.16066837e-07 -1.31130219e-06  9.53674316e-07
 -2.45869160e-06  3.87430191e-07  2.87592411e-06 -1.19209290e-07
 -7.00354576e-07 -6.55651093e-07 -2.83122063e-07  7.45058060e-08
  8.12113285e-07 -6.10947609e-07 -7.26431608e-08  1.37090683e-06
 -4.12762165e-06 -1.28149986e-06  5.35324216e-06  1.14738941e-06
 -3.84449959e-06 -1.81794167e-06 -4.80562449e-07  1.12503767e-06
  8.67061317e-06 -3.17767262e-06 -6.51180744e-06  1.67638063e-06
 -3.25962901e-08  3.24100256e-06  2.97278166e-06 -7.15255737e-07
 -1.04312785e-05 -4.93973494e-06  1.04075298e-05  4.12017107e-06
  1.00396574e-06  3.92273068e-06 -3.82307917e-06 -3.40864062e-06
 -1.00512989e-06 -3.79234552e-06  2.68407166e-06  1.25356019e-06
  8.95000994e-07  2.06567347e-06 -2.05227605e-06 -1.80429544e-07]
[ 1.74576817e+08 -1.03790881e+08 -1.74576817e+08  9.33908813e+07
 -1.93715096e-07 -1.60932541e-06 -7.45058060e-09  1.50874257e-06
 -7.74860382e-07  6.03497028e-07 -1.97440386e-07 -5.66244125e-07
  1.99675560e-06  2.16066837e-07 -1.08778477e-06 -1.03190541e-06
  2.74181366e-06  5.96046448e-08 -3.08081508e-06  6.22123480e-07
 -2.27987766e-06  4.61935997e-07  4.07919288e-06 -4.47034836e-08
 -4.39584255e-07  1.00582838e-06 -1.28149986e-06  7.56233931e-07
 -8.78423452e-06 -7.24941492e-06  1.45696104e-05  5.57675958e-06
 -9.86084342e-06 -7.45058060e-07  4.72553074e-06 -5.58793545e-08
  6.88666478e-06  1.77323818e-06 -1.14096329e-05 -1.12503767e-06
  9.76910815e-06  4.21889126e-06 -5.39049506e-06 -3.95625830e-06
 -3.44146974e-06  3.68803740e-06  1.70245767e-06 -2.75857747e-06
 -1.11339614e-06 -6.20260835e-06  2.66159982e-06  4.89659379e-06]
[ 1.77051666e+08 -1.05406429e+08 -1.77051666e+08  9.48064293e+07
 -1.07288361e-06  4.47034836e-08 -3.20374966e-07  4.32133675e-07
 -2.98023224e-07  7.45058060e-08  1.24797225e-06 -3.68803740e-07
  1.49011612e-08  8.79168510e-07 -1.14738941e-06 -3.27825546e-07
 -5.88595867e-07 -1.57952309e-06  3.01189721e-06  1.06170774e-06
 -3.03983688e-06 -1.57207251e-06  3.46079469e-06  1.33737922e-06
 -1.97812915e-06 -1.86264515e-06  2.32458115e-06  2.52574682e-06
 -8.61473382e-06 -2.80141830e-06  5.26010990e-06  3.21865082e-06
  6.64684922e-06  5.74439764e-06 -6.35534525e-06 -6.25103712e-06
  2.65799463e-06  3.48314643e-07 -1.24052167e-06 -2.27242708e-06
  2.73296610e-06  2.38791108e-06 -4.06056643e-06  1.56462193e-07
 -2.76835635e-06  4.88013029e-07  6.40191138e-06 -1.86078250e-06
 -5.98677434e-06 -3.58745456e-06  3.22689438e-06  3.72424182e-06]
[ 1.79498351e+08 -1.07007975e+08 -1.79498351e+08  9.62079752e+07
 -8.49366188e-07 -5.96046448e-08 -6.63101673e-07  2.68220901e-07
  5.81145287e-07 -2.38418579e-07  1.50129199e-06 -2.08616257e-07
 -7.15255737e-07  2.53319740e-07  4.76837158e-07 -3.57627869e-07
 -6.03497028e-07 -7.15255737e-07 -3.27825546e-07  6.07222319e-07
  1.24424696e-06  1.78813934e-07 -2.69711018e-06  1.78813934e-07
  1.82539225e-06  1.60932541e-06  1.98185444e-06 -2.25007534e-06
 -3.12831253e-06 -2.08616257e-07 -7.67409801e-07  2.55927444e-06
 -1.53761357e-06 -3.81469727e-06  7.25314021e-06  1.36345625e-06
 -1.08447857e-05 -1.75274909e-06  6.13182783e-06  3.44216824e-06
  4.31155786e-06 -3.65078449e-07 -4.58396971e-06 -7.59959221e-07
  3.04402784e-06 -1.40443444e-06  8.77305865e-07  5.30853868e-07
 -3.22423875e-06  3.95625830e-06  3.02109469e-07 -2.97823167e-06]
[ 1.81917410e+08 -1.08595742e+08 -1.81917410e+08  9.75957424e+07
  1.49011612e-07  3.87430191e-07 -1.19209290e-07 -3.72529030e-09
 -1.36345625e-06  8.94069672e-08  1.27777457e-06  7.45058060e-08
  3.35276127e-07 -9.08970833e-07  1.33737922e-06  9.98377800e-07
 -4.76837158e-06 -3.50177288e-07  3.83146107e-06  6.07222319e-07
 -1.86264515e-07 -1.59442425e-06 -3.74391675e-07  7.45058060e-07
  2.57045031e-07  4.67896461e-06 -3.34903598e-06 -4.60259616e-06
  1.20177865e-05  7.48038292e-06 -8.93324614e-06 -8.32974911e-06
 -4.20957804e-06 -4.18722630e-06  1.46403909e-06  6.95884228e-06
  4.16114926e-06  2.95601785e-06  2.53599137e-06 -5.29736280e-06
 -1.41346827e-05 -2.74926424e-06  8.40984285e-06  3.32668424e-06
  1.16238371e-05 -1.66520476e-06 -1.39162876e-05  1.84215605e-06
  1.03130005e-05  8.65012407e-06 -6.41466636e-06 -9.01602032e-06]
[ 1.84309374e+08 -1.10169955e+08 -1.84309374e+08  9.89699549e+07
 -1.19209290e-07  2.68220901e-07 -8.94069672e-08 -5.06639481e-07
  6.55651093e-07 -1.49011612e-07 -8.38190317e-07  2.83122063e-07
  9.01520252e-07 -9.83476639e-07  8.67992640e-07  4.17232513e-07
 -1.01327896e-06  9.83476639e-07 -1.86078250e-06  4.17232513e-07
 -2.68220901e-07  4.02331352e-07  2.01351941e-06 -1.47521496e-06
  2.24262476e-06  1.93715096e-07 -3.69548798e-06  1.03563070e-06
 -8.12113285e-07  2.46986747e-06  4.31388617e-06 -3.88920307e-06
 -5.11575490e-06 -8.87364149e-06  6.76885247e-06  7.25686550e-06
 -5.42541966e-06  4.46476042e-06 -7.22706318e-07 -8.79168510e-07
  1.73225999e-06 -5.64754009e-06 -1.51433051e-06  4.76837158e-06
  9.24943015e-06  8.45268369e-06 -6.70389272e-06 -1.10492110e-05
  3.34903598e-06  1.17532909e-06 -3.93662060e-06  8.51099362e-07]
[ 1.86674769e+08 -1.11730836e+08 -1.86674769e+08  1.00330836e+08
  1.25169754e-06 -9.31322575e-07  0.00000000e+00  3.12924385e-07
  2.30967999e-07  1.19209290e-07 -2.18674541e-06  6.40749931e-07
  8.79168510e-07 -1.43051147e-06  2.56299973e-06  1.60560012e-06
 -4.50015068e-06 -1.85519457e-06  2.92435288e-06  2.78651714e-06
 -3.12924385e-06  3.47197056e-06  1.72480941e-06 -4.31761146e-06
  3.94880772e-06  1.40070915e-06 -5.53578138e-06 -1.13435090e-06
 -1.49849802e-06 -6.64591789e-06  6.33299351e-06  4.32878733e-06
 -5.33834100e-06 -4.03448939e-06  5.34020364e-06  5.57675958e-06
 -1.27367675e-05 -6.22309744e-06  1.32620335e-05  6.06477261e-06
 -3.60142440e-06 -1.37090683e-06  8.87550414e-07  2.14576721e-06
 -8.41310248e-06 -5.78165054e-06  8.52835365e-06  3.53530049e-06
 -1.77556649e-06 -2.86474824e-06  1.29570416e-06  4.63448687e-06]
[ 1.89014115e+08 -1.13278610e+08 -1.89014115e+08  1.01678610e+08
  1.19209290e-06 -4.54485416e-07 -6.85453415e-07  8.34465027e-07
 -1.31130219e-06  3.42726707e-07  1.75833702e-06 -7.45058060e-07
 -9.68575478e-08 -5.51342964e-07 -4.76837158e-07  9.49949026e-07
 -1.51991844e-06 -1.49011612e-06  2.81259418e-07  1.74716115e-06
 -4.32133675e-07 -1.14738941e-06  2.38418579e-06  2.79396772e-07
  1.96695328e-06  2.99513340e-06 -4.70876694e-06 -2.10106373e-06
  4.63798642e-07 -2.08616257e-06  4.26173210e-06  1.11013651e-06
 -3.12551856e-06  4.31388617e-06  1.04680657e-06 -4.12017107e-06
  2.91084871e-06 -7.15255737e-07 -5.12320548e-06  1.17719173e-06
 -6.58445060e-07  1.52178109e-06 -8.30739737e-07  9.64850187e-07
  7.16606155e-06  8.03172588e-06 -2.56672502e-06 -1.17197633e-05
 -3.37092206e-06 -5.65871596e-06  1.57202541e-06  6.69596042e-06]
[ 1.91327921e+08 -1.14813499e+08 -1.91327921e+08  1.03013499e+08
 -7.15255737e-07  2.98023224e-07 -2.30967999e-07 -4.28408384e-07
  1.75833702e-06 -3.27825546e-07 -3.01748514e-07 -2.64495611e-07
  1.51991844e-06  8.12113285e-07 -1.69873238e-06  1.19209290e-07
 -2.25007534e-06 -9.83476639e-07  5.08129597e-06  6.55651093e-07
 -2.92062759e-06 -1.07288361e-06  9.64850187e-07  2.01165676e-06
 -3.79234552e-06  4.64916229e-06  3.87430191e-06 -3.76999378e-06
 -3.41143459e-06 -3.08826566e-06  4.55230474e-06  4.73111868e-07
  2.18022615e-06  4.32133675e-06 -9.44733620e-06 -2.99513340e-06
  1.06971711e-05  2.78651714e-06 -7.22147524e-06 -3.05473804e-06
  2.60048546e-06 -2.99513340e-06 -1.47987157e-06  2.83867121e-06
  6.06849790e-06  1.20513141e-05 -5.72297722e-06 -1.08554959e-05
 -1.14925206e-06 -4.22075391e-06  1.35494886e-06  2.88511242e-06]
[ 1.93616692e+08 -1.16335723e+08 -1.93616692e+08  1.04335723e+08
  1.19209290e-07 -1.49011612e-08 -1.56462193e-07 -2.68220901e-07
  2.45869160e-07 -4.24683094e-07 -2.49594450e-07  9.20146704e-07
 -2.35438347e-06  7.74860382e-07  3.42726707e-07 -5.96046448e-07
  2.77161598e-06 -2.38418579e-07 -9.87201929e-07 -1.08033419e-07
 -1.65402889e-06 -1.46031380e-06  1.96695328e-06  7.56233931e-07
  1.56089664e-06 -2.68220901e-06 -7.26431608e-07  2.68220901e-06
 -3.72715294e-06  1.86264515e-06  3.09944153e-06 -1.21071935e-06
 -5.09899110e-07 -3.07708979e-06 -2.01165676e-06  3.09199095e-06
 -3.20933759e-06 -8.78237188e-06  1.00061297e-05  8.12858343e-06
 -1.55810267e-05  4.33996320e-07  1.32862478e-05  3.14787030e-07
 -6.66361302e-06 -8.57375562e-06  3.31690535e-06  7.37980008e-06
  4.84241173e-06  4.20399010e-06 -4.05468093e-06 -3.06783034e-06]
[ 1.95880922e+08 -1.17845503e+08 -1.95880922e+08  1.05645503e+08
 -1.19209290e-07  0.00000000e+00 -3.50177288e-07 -2.60770321e-08
  3.57627869e-07 -1.49011612e-07  8.90344381e-07 -3.72529030e-09
 -7.30156898e-07 -1.34110451e-07  4.91738319e-07 -5.96046448e-08
  2.68220901e-07  1.08778477e-06 -2.93180346e-06 -1.32247806e-06
  3.81469727e-06 -4.02331352e-07 -1.53668225e-06  3.91155481e-07
 -2.20909715e-06 -5.39422035e-06  1.71363354e-06  5.05149364e-06
  1.17532909e-06 -1.00210309e-06 -2.35438347e-06  7.67409801e-07
  3.60608101e-06 -3.62843275e-06 -2.54809856e-06  4.06429172e-06
 -5.57722524e-06 -2.02655792e-06  8.51228833e-06  2.13831663e-06
 -4.87943180e-06 -3.66568565e-06  3.88175249e-06  2.96905637e-06
  8.67759809e-07  3.16277146e-06 -2.44122930e-06 -1.42492354e-06
 -3.99048440e-06 -3.18326056e-06  4.15011055e-06  2.62546990e-06]
[ 1.98121098e+08 -1.19343055e+08 -1.98121098e+08  1.06943055e+08
 -7.45058060e-07  9.01520252e-07  3.72529030e-08 -6.89178705e-07
  1.49011612e-07 -1.43051147e-06  7.78585672e-07  1.35600567e-06
 -1.77323818e-06  1.02818012e-06 -2.38418579e-07 -1.22562051e-06
  4.91738319e-06  3.42726707e-07 -3.86126339e-06 -1.23307109e-06
  1.15483999e-06  1.98185444e-06 -2.02655792e-06 -7.56233931e-07
  4.39584255e-06  4.96208668e-06 -3.71038914e-06 -5.44637442e-06
 -2.04890966e-08 -2.45496631e-06  1.49011612e-08  1.02818012e-06
  5.79981133e-06  9.12696123e-07 -6.48573041e-06  1.14738941e-06
 -1.85472891e-06 -2.61142850e-06  7.91437924e-06 -8.56816769e-08
 -1.43218786e-05 -5.91762364e-06  9.97493044e-06  8.89971852e-06
 -7.66292214e-06 -7.04824924e-06  1.04354694e-05  3.26335430e-06
 -4.99840826e-06 -1.12131238e-06  1.87121940e-06  4.20321625e-06]
[ 2.00337698e+08 -1.20828595e+08 -2.00337698e+08  1.08228595e+08
 -5.96046448e-07  5.96046448e-07 -5.28991222e-07 -3.39001417e-07
  9.53674316e-07  8.49366188e-07  1.75088644e-07 -1.17719173e-06
 -6.55651093e-07  6.55651093e-07 -1.47521496e-06 -5.51342964e-07
  2.62260437e-06 -1.25169754e-06 -8.75443220e-08  1.12876296e-06
 -3.38256359e-06  3.65078449e-07  1.61118805e-06 -3.57627869e-07
  5.05149364e-06  3.24845314e-06 -4.35113907e-06 -3.19629908e-06
 -5.57862222e-06 -6.88806176e-06  6.60121441e-06  6.91413879e-06
 -3.36347148e-06 -9.42498446e-07  3.20374966e-06  7.59959221e-07
  1.35460868e-06  1.40070915e-06 -2.23889947e-06 -2.20537186e-06
  3.03424895e-06 -8.36327672e-07 -6.66733831e-06  2.61887908e-06
  6.01541251e-06  4.55230474e-06 -3.89060006e-06 -4.91738319e-06
  5.85720409e-06  1.89989805e-07 -4.29834883e-06 -5.83711579e-07]
[ 2.02531190e+08 -1.22302336e+08 -2.02531190e+08  1.09502336e+08
 -5.36441803e-07  1.13248825e-06  2.90572643e-07 -1.02445483e-06
  1.01327896e-06  3.27825546e-07 -1.18464231e-06 -5.40167093e-07
  1.38580799e-06  8.19563866e-07 -8.90344381e-07 -7.07805157e-08
 -3.12924385e-06 -1.43051147e-06  2.53506005e-06  8.64267349e-07
  5.34206629e-06  1.16229057e-06 -5.74998558e-06 -9.68575478e-07
 -7.00354576e-07  3.59117985e-06  1.72108412e-06 -4.17977571e-06
  7.48690218e-06  3.33413482e-06 -1.01774931e-05 -2.47731805e-06
  2.67103314e-06  8.64267349e-07 -1.66893005e-06 -8.49366188e-07
  6.39259815e-06  1.34110451e-06 -2.91597098e-06 -2.90945172e-06
 -7.80215487e-07  2.63936818e-06 -3.85008752e-06 -9.68575478e-07
  3.95532697e-06 -1.24052167e-06 -1.32294372e-06  3.19257379e-06
 -3.68733890e-06 -6.72414899e-07  3.87201252e-06 -1.59323688e-06]
[ 2.04702036e+08 -1.23764489e+08 -2.04702036e+08  1.10764489e+08
 -1.49011612e-07  8.04662704e-07  2.98023224e-08 -4.58210707e-07
 -1.01327896e-06 -7.74860382e-07  1.78813934e-06  5.96046448e-07
 -4.76837158e-07 -4.76837158e-07  1.30385160e-07  4.02331352e-07
 -2.35438347e-06  9.08970833e-07  1.42864883e-06  2.12341547e-07
 -2.13831663e-06 -2.02655792e-06  4.06987965e-06  5.62518835e-07
 -3.35276127e-07 -3.35276127e-07 -1.43796206e-06  2.30967999e-07
  2.80514359e-06  6.93276525e-06 -3.11806798e-06 -6.87688589e-06
  7.11064786e-07 -6.66081905e-06  6.44475222e-07  6.23613596e-06
  4.06475738e-06  1.10305846e-05 -9.37841833e-06 -8.06152821e-06
  5.48828393e-06 -3.06218863e-06 -1.82632357e-06 -4.69386578e-07
 -5.19503374e-06 -8.82893801e-06  6.69714063e-06  7.93859363e-06
  8.18166882e-06  7.79516995e-06 -8.92841297e-06 -5.74575683e-06]
[ 2.06850687e+08 -1.25215260e+08 -2.06850687e+08  1.12015260e+08
  2.49147415e-05 -7.47442245e-05  3.96966934e-05  6.19180501e-05
  5.33461571e-06 -2.60949135e-04  1.31808221e-04  2.09141523e-04
 -1.15893781e-04 -5.85034490e-04  3.25873494e-04  4.73093241e-04
 -4.06831503e-04 -1.03825331e-03  6.87193125e-04  8.52826983e-04
 -9.17017460e-04 -1.60230696e-03  1.25406589e-03  1.34296715e-03
 -1.64457411e-03 -2.21580267e-03  1.97804719e-03  1.84153020e-03
 -2.41544563e-03 -2.66415998e-03  2.65112147e-03  2.21344084e-03
 -3.05399625e-03 -2.88288295e-03  3.21003795e-03  2.45273486e-03
 -3.52557190e-03 -2.97074765e-03  3.59760132e-03  2.60538608e-03
 -3.80372908e-03 -2.95256265e-03  3.82529013e-03  2.67518312e-03
 -3.95227456e-03 -2.88256630e-03  3.94301675e-03  2.71723699e-03
 -2.91489868e-03 -2.83829868e-05  1.05436002e-03  2.71748510e-03]
[ 2.08977584e+08 -1.26654856e+08 -2.08977584e+08  1.13254856e+08
  2.22325325e-05 -6.56247139e-05  3.46824527e-05  5.35696745e-05
  7.48038292e-06 -2.31802464e-04  1.14474446e-04  1.85102224e-04
 -1.03905797e-04 -5.13374805e-04  2.89753079e-04  4.14934009e-04
 -3.66583467e-04 -9.12770629e-04  6.10124320e-04  7.48436898e-04
 -8.20510089e-04 -1.41827017e-03  1.12042017e-03  1.18448213e-03
 -1.46516412e-03 -1.94512308e-03  1.75305456e-03  1.61425024e-03
 -2.14422494e-03 -2.32604146e-03  2.34613568e-03  1.92691386e-03
 -2.70084618e-03 -2.52169371e-03  2.83258781e-03  2.14192644e-03
 -3.11164791e-03 -2.58656219e-03  3.18204612e-03  2.26208568e-03
 -3.39271687e-03 -2.57863104e-03  3.40572651e-03  2.33601406e-03
 -3.49590450e-03 -2.49891914e-03  3.48139973e-03  2.35491432e-03
 -2.56952050e-03 -1.37090683e-05  9.52288440e-04  2.39399975e-03]
[ 2.11083161e+08 -1.28083477e+08 -2.11083161e+08  1.14483477e+08
  1.95205212e-05 -5.85615635e-05  2.96458602e-05  4.80711460e-05
  5.36441803e-06 -2.03669071e-04  1.02218240e-04  1.62512064e-04
 -9.42796469e-05 -4.54634428e-04  2.58322805e-04  3.65599990e-04
 -3.26067209e-04 -8.05974007e-04  5.38513064e-04  6.58955425e-04
 -7.27325678e-04 -1.24573708e-03  9.91909765e-04  1.03777647e-03
 -1.30642951e-03 -1.71091408e-03  1.55718625e-03  1.41770393e-03
 -1.90734398e-03 -2.04285607e-03  2.08298117e-03  1.68825686e-03
 -2.39478517e-03 -2.20427290e-03  2.51027942e-03  1.86758116e-03
 -2.77416594e-03 -2.26736069e-03  2.82987021e-03  1.98340043e-03
 -2.99979188e-03 -2.24612653e-03  3.01083736e-03  2.03149766e-03
 -3.10037041e-03 -2.17809901e-03  3.08877323e-03  2.05058418e-03
 -2.26450816e-03  1.20941550e-05  8.52405557e-04  2.09798510e-03]
[ 2.13167841e+08 -1.29501322e+08 -2.13167841e+08  1.15701322e+08
  1.73151493e-05 -5.08427620e-05  2.76863575e-05  4.12389636e-05
  3.09944153e-06 -1.80184841e-04  9.06549394e-05  1.43207610e-04
 -8.35508108e-05 -4.00900841e-04  2.27898359e-04  3.22494656e-04
 -2.94804573e-04 -7.13914633e-04  4.86148521e-04  5.82259148e-04
 -6.54987991e-04 -1.09291077e-03  8.82741064e-04  9.08643007e-04
 -1.16564333e-03 -1.50705129e-03  1.39218196e-03  1.24456733e-03
 -1.71555579e-03 -1.79739296e-03  1.86154619e-03  1.48481876e-03
 -2.12860527e-03 -1.92952156e-03  2.22802721e-03  1.63174421e-03
 -2.47385353e-03 -1.98974833e-03  2.52321362e-03  1.73513591e-03
 -2.66812835e-03 -1.96417980e-03  2.67039333e-03  1.77672878e-03
 -2.73999525e-03 -1.89681351e-03  2.72638910e-03  1.78723410e-03
 -1.99137442e-03  2.77273357e-05  7.64587196e-04  1.84066124e-03]
[ 2.15232040e+08 -1.30908587e+08 -2.15232040e+08  1.16908587e+08
  1.66296959e-05 -4.60147858e-05  2.36853957e-05  3.78489494e-05
 -2.98023224e-07 -1.59800053e-04  8.26194882e-05  1.27553940e-04
 -7.72923231e-05 -3.55899334e-04  2.02551484e-04  2.84250826e-04
 -2.55607069e-04 -6.26683235e-04  4.24148515e-04  5.09042293e-04
 -5.80981374e-04 -9.62577760e-04  7.82905146e-04  7.99339265e-04
 -1.03885680e-03 -1.31864846e-03  1.23069435e-03  1.08586252e-03
 -1.50624290e-03 -1.57421455e-03  1.64042413e-03  1.29527599e-03
 -1.90355675e-03 -1.69808790e-03  1.98807940e-03  1.43519789e-03
 -2.18956941e-03 -1.73019245e-03  2.22435407e-03  1.50823593e-03
 -2.35501374e-03 -1.71717815e-03  2.36299261e-03  1.54894590e-03
 -2.44179671e-03 -1.65936723e-03  2.43070477e-03  1.56086683e-03
 -1.76053331e-03  3.82587314e-05  6.87134077e-04  1.62126014e-03]
[ 2.17276164e+08 -1.32305464e+08 -2.17276164e+08  1.18105464e+08
  1.34110451e-05 -4.04268503e-05  2.20015645e-05  3.24919820e-05
  2.74181366e-06 -1.41382217e-04  6.95884228e-05  1.12295151e-04
 -6.86794519e-05 -3.13460827e-04  1.81276351e-04  2.49713659e-04
 -2.31318176e-04 -5.51104546e-04  3.75691801e-04  4.47019935e-04
 -5.13881445e-04 -8.47071409e-04  6.91130757e-04  6.99680299e-04
 -9.18373466e-04 -1.16473436e-03  1.09160691e-03  9.56751406e-04
 -1.35035813e-03 -1.38340890e-03  1.46178901e-03  1.14037842e-03
 -1.68220280e-03 -1.47773325e-03  1.75418332e-03  1.24438852e-03
 -1.93643756e-03 -1.51383132e-03  1.97185297e-03  1.31546706e-03
 -2.09815986e-03 -1.49649382e-03  2.09705532e-03  1.34990364e-03
 -2.16180785e-03 -1.45388953e-03  2.15384038e-03  1.36456639e-03
 -1.55148341e-03  4.81903553e-05  6.15114280e-04  1.42516201e-03]
[ 2.19300609e+08 -1.33692143e+08 -2.19300609e+08  1.19292143e+08
  1.04308128e-05 -3.38852406e-05  1.86786056e-05  2.67624855e-05
  4.29153442e-06 -1.24990940e-04  6.14225864e-05  9.83029604e-05
 -6.25103712e-05 -2.75358558e-04  1.60351396e-04  2.19538808e-04
 -2.05710530e-04 -4.88758087e-04  3.36036086e-04  3.94430012e-04
 -4.62293625e-04 -7.48127699e-04  6.15653582e-04  6.18144870e-04
 -8.17902386e-04 -1.02214515e-03  9.68277454e-04  8.38093460e-04
 -1.19708758e-03 -1.21229887e-03  1.29811466e-03  9.92864370e-04
 -1.50189875e-03 -1.29938498e-03  1.56037137e-03  1.09614432e-03
 -1.71542168e-03 -1.31794810e-03  1.74414180e-03  1.14235282e-03
 -1.86418812e-03 -1.31621026e-03  1.86683703e-03  1.18263438e-03
 -1.92203338e-03 -1.26694515e-03  1.91182783e-03  1.19433925e-03
 -1.37372897e-03  5.43221831e-05  5.55412041e-04  1.25023354e-03]
[ 2.21305764e+08 -1.35068809e+08 -2.21305764e+08  1.20468809e+08
  1.01923943e-05 -3.29911709e-05  1.80527568e-05  2.67252326e-05
  2.98023224e-07 -1.10656023e-04  5.47729433e-05  8.68439674e-05
 -5.30183315e-05 -2.44677067e-04  1.40964985e-04  1.95115805e-04
 -1.91405416e-04 -4.32521105e-04  3.06099653e-04  3.48895788e-04
 -4.11540270e-04 -6.63846731e-04  5.47170639e-04  5.45877963e-04
 -7.28525221e-04 -8.93354416e-04  8.61145556e-04  7.30857253e-04
 -1.08057354e-03 -1.07495859e-03  1.16459280e-03  8.82856548e-04
 -1.32930558e-03 -1.13437697e-03  1.38099119e-03  9.50690359e-04
 -1.51855452e-03 -1.15396082e-03  1.54020078e-03  1.00081787e-03
 -1.65524171e-03 -1.14759058e-03  1.66356936e-03  1.02828816e-03
 -1.70847494e-03 -1.10120326e-03  1.68990891e-03  1.03805400e-03
 -1.21304055e-03  5.03063202e-05  5.02381623e-04  1.10668741e-03]
[ 2.23292009e+08 -1.36435644e+08 -2.23292009e+08  1.21635644e+08
  8.56816769e-06 -2.74181366e-05  1.46850944e-05  2.19494104e-05
  1.57952309e-06 -9.87648964e-05  4.91961837e-05  7.75754452e-05
 -4.95538116e-05 -2.18033791e-04  1.28239393e-04  1.73032284e-04
 -1.70767307e-04 -3.82557511e-04  2.68636271e-04  3.09351832e-04
 -3.69030982e-04 -5.83946705e-04  4.92698513e-04  4.77705151e-04
 -6.56090677e-04 -7.93740153e-04  7.66381621e-04  6.49176538e-04
 -9.44231171e-04 -9.31356102e-04  1.01751275e-03  7.59959221e-04
 -1.18373008e-03 -1.00654364e-03  1.23163313e-03  8.42694193e-04
 -1.35947415e-03 -1.01893395e-03  1.38154626e-03  8.80628824e-04
 -1.47137372e-03 -1.00183673e-03  1.46608660e-03  9.06299800e-04
 -1.51057937e-03 -9.55488533e-04  1.50121888e-03  8.92996788e-04
 -1.07011036e-03  4.68175858e-05  4.48521245e-04  9.82111983e-04]
[ 2.25259715e+08 -1.37792828e+08 -2.25259715e+08  1.22792828e+08
  8.52346420e-06 -2.63750553e-05  1.31055713e-05  2.19643116e-05
 -1.54972076e-06 -8.77082348e-05  4.70280647e-05  6.88731670e-05
 -4.64245677e-05 -1.93014741e-04  1.13550574e-04  1.52699649e-04
 -1.50635839e-04 -3.37570906e-04  2.37151980e-04  2.70921737e-04
 -3.24428082e-04 -5.14537096e-04  4.34690155e-04  4.19721007e-04
 -5.85734844e-04 -6.97284937e-04  6.80498779e-04  5.70245087e-04
 -8.41639470e-04 -8.27774405e-04  9.09846276e-04  6.73070550e-04
 -1.05982274e-03 -8.78587365e-04  1.09774992e-03  7.36393034e-04
 -1.20098703e-03 -8.89033079e-04  1.21579878e-03  7.67171383e-04
 -1.30291271e-03 -8.76769423e-04  1.30295847e-03  7.89791346e-04
 -1.34046399e-03 -8.42470676e-04  1.33409107e-03  7.85162672e-04
 -9.51037451e-04  5.60283661e-05  4.03763578e-04  8.60636252e-04]
[ 2.27209243e+08 -1.39140536e+08 -2.27209243e+08  1.23940536e+08
  7.95722008e-06 -2.14129686e-05  1.20475888e-05  1.76355243e-05
 -1.53481960e-06 -7.76052475e-05  4.15667892e-05  6.03720546e-05
 -4.07695770e-05 -1.72004104e-04  9.96105373e-05  1.35526061e-04
 -1.32396817e-04 -2.96592712e-04  2.11685896e-04  2.38034874e-04
 -2.99803913e-04 -4.59223986e-04  3.94633040e-04  3.75255942e-04
 -5.23343682e-04 -6.19739294e-04  6.08257949e-04  5.04188240e-04
 -7.51818996e-04 -7.24177808e-04  8.10660422e-04  5.88640571e-04
 -9.46124550e-04 -7.73593783e-04  9.75601375e-04  6.49161637e-04
 -1.07049267e-03 -7.77471811e-04  1.08833099e-03  6.66871667e-04
 -1.16368348e-03 -7.67722726e-04  1.15837902e-03  6.88441098e-04
 -1.20515702e-03 -7.54490495e-04  1.19715766e-03  7.08442181e-04
 -8.36842461e-04  5.98412007e-05  3.60535701e-04  7.53183769e-04]
[ 2.29140949e+08 -1.40478942e+08 -2.29140949e+08  1.25078942e+08
  5.63263893e-06 -2.06381083e-05  1.09672546e-05  1.68085098e-05
  1.19209290e-07 -6.93202019e-05  3.46936285e-05  5.39645553e-05
 -3.58521938e-05 -1.50561333e-04  8.92430544e-05  1.18196011e-04
 -1.20148063e-04 -2.64078379e-04  1.87961385e-04  2.11592764e-04
 -2.64048576e-04 -4.04015183e-04  3.48910689e-04  3.29580158e-04
 -4.69468534e-04 -5.50210476e-04  5.45598567e-04  4.46081161e-04
 -6.67926390e-04 -6.32151961e-04  7.15564936e-04  5.12629747e-04
 -8.35733954e-04 -6.81042671e-04  8.61935318e-04  5.69157302e-04
 -9.44565982e-04 -6.79068267e-04  9.58752818e-04  5.83246350e-04
 -1.04860554e-03 -6.84015453e-04  1.04641635e-03  6.13238662e-04
 -1.06469850e-03 -6.51556998e-04  1.05967512e-03  6.07598573e-04
 -7.51251704e-04  5.21335751e-05  3.30917075e-04  6.73729199e-04]
[ 2.31055177e+08 -1.41808213e+08 -2.31055177e+08  1.26208213e+08
  6.02006912e-06 -1.80453062e-05  9.50694084e-06  1.44913793e-05
 -1.44541264e-06 -6.15119934e-05  3.30880284e-05  4.83319163e-05
 -3.49134207e-05 -1.35123730e-04  8.21910799e-05  1.06245279e-04
 -1.12682581e-04 -2.38656998e-04  1.72393396e-04  1.90898776e-04
 -2.34995037e-04 -3.54111195e-04  3.04961577e-04  2.88445503e-04
 -4.10467386e-04 -4.78297472e-04  4.76919115e-04  3.86476517e-04
 -5.86833339e-04 -5.54651022e-04  6.33433461e-04  4.45470214e-04
 -7.45644793e-04 -5.98315150e-04  7.66764395e-04  4.99911606e-04
 -8.45975941e-04 -6.02915883e-04  8.59006308e-04  5.18850982e-04
 -9.21626110e-04 -5.82592562e-04  9.16695688e-04  5.21734357e-04
 -9.49765265e-04 -5.81026077e-04  9.42459330e-04  5.42767346e-04
 -6.51758455e-04  5.89117408e-05  2.87597300e-04  5.83701369e-04]
[ 2.32952267e+08 -1.43128515e+08 -2.32952267e+08  1.27328515e+08
  6.67572021e-06 -1.50799751e-05  7.56978989e-06  1.19209290e-05
 -8.34465027e-07 -5.42700291e-05  2.70903111e-05  4.20883298e-05
 -2.83122063e-05 -1.18374825e-04  6.99646771e-05  9.24840569e-05
 -9.36388969e-05 -2.06917524e-04  1.48491934e-04  1.64657831e-04
 -2.14032829e-04 -3.15107405e-04  2.79174186e-04  2.56340951e-04
 -3.75963748e-04 -4.26799059e-04  4.31418419e-04  3.45952809e-04
 -5.29353507e-04 -4.94301319e-04  5.69701195e-04  3.97026539e-04
 -6.64614141e-04 -5.23850322e-04  6.83443621e-04  4.36194241e-04
 -7.54671171e-04 -5.29393554e-04  7.62188807e-04  4.55193222e-04
 -8.19239183e-04 -5.12102619e-04  8.17860942e-04  4.57905233e-04
 -8.44611321e-04 -5.09019941e-04  8.39350861e-04  4.71029431e-04
 -5.80658729e-04  5.63915819e-05  2.58776679e-04  5.19244939e-04]
[ 2.34832547e+08 -1.44440012e+08 -2.34832547e+08  1.28440012e+08
  4.79817390e-06 -1.37090683e-05  7.56978989e-06  1.13546848e-05
 -2.56299973e-06 -4.88162041e-05  2.64048576e-05  3.77520919e-05
 -2.55182385e-05 -1.07049942e-04  6.30617142e-05  8.27983022e-05
 -8.58902931e-05 -1.83418393e-04  1.31411478e-04  1.46079808e-04
 -1.85936689e-04 -2.76133418e-04  2.42813490e-04  2.23066658e-04
 -3.27661633e-04 -3.77088785e-04  3.80173326e-04  3.02627683e-04
 -4.76852059e-04 -4.42218035e-04  5.12441620e-04  3.58045101e-04
 -6.04611123e-04 -4.67255712e-04  6.22242689e-04  3.89136374e-04
 -6.78705052e-04 -4.62386757e-04  6.84190542e-04  3.97309661e-04
 -7.20376498e-04 -4.46161255e-04  7.15357717e-04  3.95905226e-04
 -7.58064678e-04 -4.45466489e-04  7.52616266e-04  4.16368246e-04
 -5.22097049e-04  4.43086028e-05  2.41396742e-04  4.65856321e-04]
[ 2.36696341e+08 -1.45742862e+08 -2.36696341e+08  1.29542862e+08
  4.90248203e-06 -1.37686729e-05  6.65336847e-06  1.12950802e-05
 -3.60608101e-06 -4.25279140e-05  2.42665410e-05  3.28719616e-05
 -2.21505761e-05 -9.53972340e-05  5.61326742e-05  7.36638904e-05
 -7.92443752e-05 -1.60932541e-04  1.18095428e-04  1.28742307e-04
 -1.69694424e-04 -2.50883400e-04  2.23577023e-04  2.02134252e-04
 -3.01130116e-04 -3.34829092e-04  3.48217785e-04  2.68213451e-04
 -4.32911329e-04 -3.89683992e-04  4.58721071e-04  3.16411257e-04
 -5.39669534e-04 -4.13328409e-04  5.56373969e-04  3.41296196e-04
 -5.99291408e-04 -4.02700156e-04  5.98276034e-04  3.46943736e-04
 -6.39495905e-04 -4.05430794e-04  6.34743366e-04  3.59319150e-04
 -6.52765855e-04 -3.82753089e-04  6.50469447e-04  3.57121229e-04
 -4.51395375e-04  4.77954745e-05  2.07540046e-04  4.06934941e-04]
[ 2.38543962e+08 -1.47037222e+08 -2.38543962e+08  1.30637222e+08
  3.24845314e-06 -1.10864639e-05  5.68479300e-06  8.70227814e-06
  2.08616257e-06 -3.87728214e-05  1.84550881e-05  2.96756625e-05
 -2.39089131e-05 -8.24928284e-05  5.13046980e-05  6.46039844e-05
 -6.76810741e-05 -1.47223473e-04  1.07420608e-04  1.15361065e-04
 -1.55881047e-04 -2.24120915e-04  1.97471119e-04  1.82729214e-04
 -2.64383852e-04 -2.93023884e-04  3.04795802e-04  2.34931707e-04
 -3.81718855e-04 -3.45394015e-04  4.09912318e-04  2.77385116e-04
 -4.80986899e-04 -3.58000398e-04  4.90006059e-04  2.97009945e-04
 -5.28335804e-04 -3.60794365e-04  5.30504622e-04  3.09273601e-04
 -5.71499986e-04 -3.47888097e-04  5.70258591e-04  3.09277326e-04
 -5.89448289e-04 -3.36062163e-04  5.86336362e-04  3.09646130e-04
 -4.15186601e-04  3.78452241e-05  1.98359826e-04  3.69298394e-04]
[ 2.40375719e+08 -1.48323244e+08 -2.40375719e+08  1.31723244e+08
  3.09944153e-06 -9.83476639e-06  5.42402267e-06  7.89761543e-06
  1.78813934e-07 -3.36766243e-05  1.77845359e-05  2.56523490e-05
 -2.04965472e-05 -7.42077827e-05  4.59849834e-05  5.71012497e-05
 -6.22272491e-05 -1.30265951e-04  9.29981470e-05  1.03339553e-04
 -1.32225454e-04 -1.91353261e-04  1.73651613e-04  1.52617693e-04
 -2.36384571e-04 -2.59809196e-04  2.69077718e-04  2.09234655e-04
 -3.33831646e-04 -2.95300037e-04  3.57925892e-04  2.35542655e-04
 -4.22896584e-04 -3.15617770e-04  4.38047573e-04  2.59079039e-04
 -4.97088884e-04 -3.22774053e-04  5.01079485e-04  2.74978578e-04
 -5.31908183e-04 -3.08997929e-04  5.24140429e-04  2.76509672e-04
 -5.23468247e-04 -2.99932435e-04  5.14453015e-04  2.80592591e-04
 -3.60892853e-04  4.00263816e-05  1.74883624e-04  3.19899712e-04]
[ 2.42191910e+08 -1.49601077e+08 -2.42191910e+08  1.32801077e+08
  2.80141830e-06 -9.03010368e-06  3.60608101e-06  7.66664743e-06
 -6.25848770e-07 -3.12328339e-05  1.73747540e-05  2.38791108e-05
 -1.95801258e-05 -6.70254230e-05  4.05907631e-05  5.22136688e-05
 -5.28171659e-05 -1.14664435e-04  8.24611634e-05  8.87401402e-05
 -1.16053969e-04 -1.68442726e-04  1.50566921e-04  1.35008246e-04
 -2.10311264e-04 -2.29872763e-04  2.41763890e-04  1.84647739e-04
 -3.07366252e-04 -2.69800425e-04  3.25791538e-04  2.15590000e-04
 -3.60494712e-04 -2.68191099e-04  3.65037471e-04  2.20838934e-04
 -4.13484755e-04 -2.80126929e-04  4.20799479e-04  2.35252082e-04
 -4.60072421e-04 -2.73091719e-04  4.59229108e-04  2.46323645e-04
 -4.67782142e-04 -2.54791230e-04  4.63055097e-04  2.36345455e-04
 -3.21712476e-04  3.88920307e-05  1.54603563e-04  2.81571262e-04]
[ 2.43992828e+08 -1.50870870e+08 -2.43992828e+08  1.33870870e+08
  3.60608101e-06 -9.41753387e-06  3.45706940e-06  7.83801079e-06
 -2.98023224e-06 -2.67177820e-05  1.65104866e-05  2.10106373e-05
 -1.79409981e-05 -6.00814819e-05  3.87467444e-05  4.62532043e-05
 -5.39049506e-05 -1.02311373e-04  7.76629895e-05  8.10027122e-05
 -1.10443681e-04 -1.57169998e-04  1.45585276e-04  1.24935061e-04
 -1.98423862e-04 -2.06232071e-04  2.23301351e-04  1.65931880e-04
 -2.72736419e-04 -2.34022737e-04  2.89175659e-04  1.86160207e-04
 -3.37170670e-04 -2.42769718e-04  3.43084335e-04  2.00133771e-04
 -3.85022722e-04 -2.53003091e-04  3.91885638e-04  2.14457512e-04
 -4.11795685e-04 -2.29028985e-04  4.05708328e-04  2.04935670e-04
 -4.23470599e-04 -2.27592885e-04  4.19171542e-04  2.08295882e-04
 -2.85477385e-04  3.18810344e-05  1.38828929e-04  2.55935095e-04]
[ 2.45778760e+08 -1.52132764e+08 -2.45778760e+08  1.34932764e+08
  2.44379044e-06 -7.53998756e-06  3.87430191e-06  5.63263893e-06
 -1.19209290e-07 -2.46763229e-05  1.20773911e-05  1.91330910e-05
 -1.46180391e-05 -5.26160002e-05  3.26149166e-05  4.02033329e-05
 -4.31388617e-05 -9.07778740e-05  6.66528940e-05  7.14063644e-05
 -9.99867916e-05 -1.36524439e-04  1.29289925e-04  1.09270215e-04
 -1.74500048e-04 -1.81712210e-04  1.97842717e-04  1.44600868e-04
 -2.46166717e-04 -2.05054879e-04  2.57588923e-04  1.64404511e-04
 -2.97533348e-04 -2.22120434e-04  3.08845192e-04  1.78895891e-04
 -3.53368116e-04 -2.20157206e-04  3.51994298e-04  1.91461295e-04
 -3.59371537e-04 -2.01329589e-04  3.56958713e-04  1.77776441e-04
 -3.77339777e-04 -2.05390155e-04  3.76541269e-04  1.85895711e-04
 -2.55857767e-04  3.56994569e-05  1.23888879e-04  2.23837157e-04]
[ 2.47549984e+08 -1.53386900e+08 -2.47549984e+08  1.35986900e+08
  1.96695328e-06 -6.25848770e-06  3.53902578e-06  4.79817390e-06
 -1.07288361e-06 -2.19345093e-05  1.17421150e-05  1.65328383e-05
 -1.23679638e-05 -4.78327274e-05  2.80775130e-05  3.74242663e-05
 -4.31239605e-05 -8.39531422e-05  6.71334565e-05  6.53155148e-05
 -9.37283039e-05 -1.25259161e-04  1.14464201e-04  1.01163983e-04
 -1.53273344e-04 -1.60306692e-04  1.71974301e-04  1.27859414e-04
 -2.08870042e-04 -1.84554607e-04  2.24143267e-04  1.45226717e-04
 -2.65110517e-04 -1.86949968e-04  2.70249322e-04  1.53072178e-04
 -3.07047972e-04 -1.96926296e-04  3.07331793e-04  1.66594982e-04
 -3.21684449e-04 -1.82844698e-04  3.20443884e-04  1.64467841e-04
 -3.40682340e-04 -1.85459852e-04  3.39725259e-04  1.66833401e-04
 -2.31480873e-04  3.24696302e-05  1.16024814e-04  2.00694708e-04]
[ 2.49306772e+08 -1.54633416e+08 -2.49306772e+08  1.37033416e+08
  2.29477882e-06 -6.49690628e-06  3.57627869e-06  5.24520874e-06
 -2.68220901e-06 -1.94758177e-05  1.08107924e-05  1.49011612e-05
 -1.04755163e-05 -4.17083502e-05  2.49594450e-05  3.17469239e-05
 -3.67015600e-05 -7.36266375e-05  5.67268580e-05  5.73694706e-05
 -8.17030668e-05 -1.09486282e-04  1.03325583e-04  8.75890255e-05
 -1.40070915e-04 -1.38856471e-04  1.58011913e-04  1.09910965e-04
 -2.00476032e-04 -1.68204308e-04  2.10940838e-04  1.34855509e-04
 -2.41318950e-04 -1.68513507e-04  2.47035176e-04  1.36569142e-04
 -2.72778037e-04 -1.70074403e-04  2.73030251e-04  1.41501427e-04
 -2.95987345e-04 -1.63890421e-04  2.90456926e-04  1.49682164e-04
 -3.00415057e-04 -1.60448253e-04  3.01423075e-04  1.48126855e-04
 -2.05534525e-04  2.94148922e-05  1.04163769e-04  1.74115126e-04]
[ 2.51049392e+08 -1.55872447e+08 -2.51049392e+08  1.38072447e+08
  2.53319740e-06 -4.61935997e-06  2.98023224e-06  3.85195017e-06
 -2.56299973e-06 -1.75237656e-05  1.03339553e-05  1.35898590e-05
 -1.18166208e-05 -3.92198563e-05  2.28397548e-05  2.98917294e-05
 -2.90274620e-05 -6.18249178e-05  4.72366810e-05  4.70839441e-05
 -7.23861158e-05 -1.00508332e-04  9.25874338e-05  8.02725554e-05
 -1.26957893e-04 -1.23381615e-04  1.40838325e-04  9.96887684e-05
 -1.69924460e-04 -1.44105405e-04  1.80467963e-04  1.11326575e-04
 -2.16642162e-04 -1.52826309e-04  2.22941861e-04  1.25162303e-04
 -2.41019821e-04 -1.44019723e-04  2.38106586e-04  1.22867525e-04
 -2.48040504e-04 -1.33097172e-04  2.43873568e-04  1.20755285e-04
 -2.47059492e-04 -1.32445246e-04  2.44501920e-04  1.18412077e-04
 -1.78492075e-04  2.34469771e-05  9.36982615e-05  1.57706775e-04]
[ 2.52778101e+08 -1.57104125e+08 -2.52778101e+08  1.39104125e+08
  3.39746475e-06 -4.91738319e-06  4.17232513e-07  3.93390656e-06
 -2.53319740e-07 -1.54972076e-05  9.08970833e-06  1.15036964e-05
 -9.50694084e-06 -3.42726707e-05  2.01277435e-05  2.68295407e-05
 -3.11881304e-05 -5.85913658e-05  4.59440053e-05  4.52101231e-05
 -6.25252724e-05 -8.31112266e-05  7.83214346e-05  6.62803650e-05
 -1.10369176e-04 -1.14828348e-04  1.26808882e-04  8.84085894e-05
 -1.56699913e-04 -1.31133944e-04  1.60552561e-04  1.07273459e-04
 -1.91446277e-04 -1.33637339e-04  1.97215006e-04  1.09322369e-04
 -2.11793900e-04 -1.30645931e-04  2.16394197e-04  1.06610358e-04
 -2.31342608e-04 -1.20036304e-04  2.25148513e-04  1.07653439e-04
 -2.45733070e-04 -1.27302483e-04  2.43840565e-04  1.17752701e-04
 -1.60465832e-04  2.35699117e-05  8.32483599e-05  1.40041271e-04]
[ 2.54493153e+08 -1.58328577e+08 -2.54493153e+08  1.40128577e+08
 -3.27825546e-07 -3.69548798e-06  2.70456076e-06  3.19629908e-06
 -1.28149986e-06 -1.40666962e-05  8.78423452e-06  1.00657344e-05
 -8.22544098e-06 -3.01897526e-05  1.69724226e-05  2.28211284e-05
 -2.54809856e-05 -4.99188900e-05  3.73702496e-05  3.90484929e-05
 -5.45978546e-05 -7.47144222e-05  7.16084614e-05  5.80586493e-05
 -9.96664166e-05 -9.84519720e-05  1.13323331e-04  7.74562359e-05
 -1.46155013e-04 -1.18877739e-04  1.50293112e-04  9.51439142e-05
 -1.62294251e-04 -1.14981085e-04  1.68768689e-04  8.98092985e-05
 -2.06306489e-04 -1.24104321e-04  2.06140801e-04  1.09598041e-04
 -2.14888481e-04 -1.09240413e-04  2.14322004e-04  9.46372747e-05
 -2.08085898e-04 -1.01875514e-04  2.02718773e-04  9.16365534e-05
 -1.52096443e-04  1.46739185e-05  8.42535890e-05  1.34066765e-04]
[ 2.56194795e+08 -1.59545931e+08 -2.56194795e+08  1.41145931e+08
  2.36928463e-06 -4.27663326e-06  2.60025263e-06  3.36766243e-06
 -1.93715096e-06 -1.28746033e-05  8.10623169e-06  1.01625919e-05
 -1.07586384e-05 -2.70605087e-05  1.65551901e-05  2.07126141e-05
 -2.01463699e-05 -4.64916229e-05  3.59248370e-05  3.46563756e-05
 -5.48474491e-05 -6.58035278e-05  6.53918833e-05  5.26048243e-05
 -8.70227814e-05 -9.03457403e-05  9.95174050e-05  7.02291727e-05
 -1.30675500e-04 -1.04740262e-04  1.36755407e-04  8.40052962e-05
 -1.49322441e-04 -9.90368426e-05  1.49413943e-04  8.05035233e-05
 -1.66564714e-04 -1.00851059e-04  1.66818965e-04  8.32304358e-05
 -1.86597812e-04 -1.04114413e-04  1.89825078e-04  9.11019742e-05
 -2.14625179e-04 -1.00776553e-04  2.12192012e-04  9.32179391e-05
 -1.26221625e-04  2.39387155e-05  6.31130554e-05  1.08722355e-04]
[ 2.57883270e+08 -1.60756310e+08 -2.57883270e+08  1.42156310e+08
  1.71363354e-06 -2.56299973e-06  1.73598528e-06  1.99675560e-06
 -1.31130219e-06 -1.17123127e-05  5.28246164e-06  9.17911530e-06
 -6.55651093e-06 -2.33650208e-05  1.48713589e-05  1.72480941e-05
 -2.05338001e-05 -4.23491001e-05  3.21827829e-05  3.28198075e-05
 -4.77768481e-05 -5.97983599e-05  6.04251400e-05  4.68492508e-05
 -8.31559300e-05 -8.03992152e-05  9.29087400e-05  6.36950135e-05
 -1.15882140e-04 -8.87326896e-05  1.22189522e-04  6.83665276e-05
 -1.39270211e-04 -9.45813954e-05  1.35978684e-04  7.83577561e-05
 -1.42973844e-04 -8.56965780e-05  1.43480487e-04  7.28815794e-05
 -1.66803016e-04 -9.00104642e-05  1.70077197e-04  7.66851008e-05
 -1.72923901e-04 -8.11405480e-05  1.71789492e-04  7.32373446e-05
 -1.19551900e-04  1.86599791e-05  6.33506393e-05  1.00775357e-04]
[ 2.59558812e+08 -1.61959834e+08 -2.59558812e+08  1.43159834e+08
  5.36441803e-07 -3.75509262e-06  1.57952309e-06  2.77906656e-06
  4.17232513e-07 -1.05202198e-05  4.55230474e-06  8.60542059e-06
 -8.90344381e-06 -2.08318233e-05  1.38171017e-05  1.57356262e-05
 -1.40070915e-05 -3.64184380e-05  2.69412994e-05  2.70828605e-05
 -4.71919775e-05 -5.46276569e-05  5.69010153e-05  4.33959067e-05
 -7.18012452e-05 -7.14957714e-05  7.94082880e-05  5.56558371e-05
 -1.02672260e-04 -8.41021538e-05  1.06438994e-04  6.70254230e-05
 -1.25283375e-04 -8.54842365e-05  1.30403787e-04  6.93798065e-05
 -1.46478313e-04 -8.26194882e-05  1.47996936e-04  7.02142715e-05
 -1.59078394e-04 -7.44760036e-05  1.57034723e-04  6.68279827e-05
 -1.49998523e-04 -6.45294785e-05  1.48359744e-04  5.82635403e-05
 -1.05861574e-04  1.68494880e-05  5.57468102e-05  8.72437576e-05]
[ 2.61221652e+08 -1.63156623e+08 -2.61221652e+08  1.44156623e+08
  1.72853470e-06 -2.68220901e-06  9.01520252e-07  1.81794167e-06
 -1.16229057e-06 -8.09133053e-06  3.50922346e-06  6.40004873e-06
 -3.74019146e-06 -1.92523003e-05  1.34818256e-05  1.41486526e-05
 -2.11298466e-05 -3.28421593e-05  2.70176679e-05  2.66656280e-05
 -4.03970480e-05 -5.18560410e-05  5.14900312e-05  3.93502414e-05
 -6.31883740e-05 -6.27413392e-05  7.11828470e-05  4.88236547e-05
 -9.61271580e-05 -6.93462789e-05  1.00161880e-04  5.52162528e-05
 -1.12589740e-04 -7.32392073e-05  1.10618770e-04  6.05806708e-05
 -1.18349271e-04 -7.18384981e-05  1.23844016e-04  5.41582704e-05
 -1.47933490e-04 -7.07954168e-05  1.41497352e-04  7.02086836e-05
 -1.37395866e-04 -6.73457980e-05  1.37053896e-04  5.78220934e-05
 -9.13742697e-05  1.55456364e-05  5.01618227e-05  7.95062346e-05]
[ 2.62872015e+08 -1.64346791e+08 -2.62872015e+08  1.45146791e+08
 -5.96046448e-07 -2.60770321e-06  1.37090683e-06  2.29477882e-06
 -5.96046448e-08 -8.34465027e-06  5.87105751e-06  5.96046448e-06
 -7.59959221e-06 -1.68085098e-05  1.08815730e-05  1.28149986e-05
 -1.39474869e-05 -3.03089619e-05  2.00159848e-05  2.25305557e-05
 -2.74032354e-05 -4.07695770e-05  3.81842256e-05  3.18028033e-05
 -6.45965338e-05 -6.29425049e-05  7.21067190e-05  4.96804714e-05
 -8.43408052e-05 -6.56284392e-05  9.08002257e-05  5.12897968e-05
 -1.08994835e-04 -6.56209886e-05  1.07923523e-04  5.49145043e-05
 -1.28700922e-04 -6.96331263e-05  1.29820313e-04  5.63897192e-05
 -1.18133321e-04 -6.19739294e-05  1.10059627e-04  5.70788980e-05
 -1.22531957e-04 -6.22011721e-05  1.22964615e-04  5.66001981e-05
 -7.59633258e-05  1.42902136e-05  4.14442922e-05  7.12435297e-05]
[ 2.64510118e+08 -1.65530453e+08 -2.64510118e+08  1.46130453e+08
  7.30156898e-07 -2.44379044e-06  9.23871994e-07  1.60932541e-06
  2.23517418e-06 -6.40749931e-06  9.61124897e-07  4.29153442e-06
 -2.72691250e-06 -1.26659870e-05  8.48248601e-06  9.93162394e-06
 -1.49011612e-05 -2.83420086e-05  2.33519822e-05  2.08988786e-05
 -2.94893980e-05 -3.08752060e-05  3.39308754e-05  2.35550106e-05
 -5.01722097e-05 -5.47468662e-05  5.57154417e-05  4.37721610e-05
 -7.22936820e-05 -5.46760857e-05  7.92220235e-05  3.99053097e-05
 -9.20053863e-05 -5.92470169e-05  9.03736800e-05  4.99337912e-05
 -9.94247966e-05 -5.93774021e-05  1.00339530e-04  4.98369336e-05
 -1.13597140e-04 -5.18262386e-05  1.12212612e-04  4.28799540e-05
 -1.07088534e-04 -5.94034791e-05  1.03075639e-04  5.81294298e-05
 -6.50102738e-05  1.97775662e-05  3.50454025e-05  5.56747484e-05]
[ 2.66136178e+08 -1.66707717e+08 -2.66136178e+08  1.47107717e+08
 -5.96046448e-07 -1.01327896e-06  9.83476639e-07  6.25848770e-07
  1.78813934e-06 -7.00354576e-06  3.15159559e-06  4.88013029e-06
 -6.39259815e-06 -1.33812428e-05  8.63149762e-06  9.98377800e-06
 -7.31647015e-06 -2.16364861e-05  1.34576112e-05  1.61230564e-05
 -2.62707472e-05 -3.36170197e-05  3.62992287e-05  2.54698098e-05
 -4.82499599e-05 -3.83555889e-05  5.09321690e-05  2.97501683e-05
 -6.61641825e-05 -5.59091568e-05  6.88023865e-05  4.28557396e-05
 -8.00844282e-05 -5.05484641e-05  8.09337944e-05  4.17307019e-05
 -9.34121199e-05 -5.42812049e-05  9.24812630e-05  4.50313091e-05
 -8.12051585e-05 -4.25726175e-05  7.91635830e-05  3.97041440e-05
 -1.11099740e-04 -5.40651381e-05  1.14815310e-04  4.37702984e-05
 -7.32548069e-05  1.22487545e-05  4.18215000e-05  6.02582749e-05]
[ 2.67750403e+08 -1.67878694e+08 -2.67750403e+08  1.48078694e+08
  2.98023224e-08 -1.01327896e-06  2.07871199e-06  7.07805157e-07
 -1.43051147e-06 -6.25848770e-06  4.11272049e-06  4.64171171e-06
 -4.77582216e-06 -1.36941671e-05  8.88109207e-06  1.06394291e-05
 -1.47521496e-05 -2.33650208e-05  1.94013119e-05  1.80006027e-05
 -2.25603580e-05 -3.12030315e-05  2.93841586e-05  2.35475600e-05
 -4.34145331e-05 -3.78638506e-05  4.72292304e-05  3.02195549e-05
 -5.98094193e-05 -4.67449427e-05  6.49429858e-05  3.47942114e-05
 -7.74131286e-05 -4.54224646e-05  7.65863806e-05  3.72864306e-05
 -9.06226924e-05 -4.87715006e-05  9.13378317e-05  4.14550304e-05
 -9.83467326e-05 -4.85032797e-05  9.61075420e-05  4.16375697e-05
 -9.01276944e-05 -3.59863043e-05  9.09133814e-05  3.32649797e-05
 -7.20014796e-05  5.52460551e-06  4.40287254e-05  5.69713767e-05]
[ 2.69352996e+08 -1.69043489e+08 -2.69352996e+08  1.49043489e+08
  8.94069672e-07 -1.05798244e-06  7.74860382e-07  4.99188900e-07
 -5.36441803e-07 -4.50015068e-06  1.33365393e-06  3.57627869e-06
 -2.42888927e-06 -1.11311674e-05  7.39097595e-06  8.36700201e-06
 -1.23903155e-05 -2.04443932e-05  2.00849026e-05  1.52587891e-05
 -3.20076942e-05 -3.68952751e-05  3.50465998e-05  3.05436552e-05
 -3.86759639e-05 -3.16724181e-05  4.05982137e-05  2.50935555e-05
 -5.57706226e-05 -4.80450690e-05  6.51590526e-05  3.48836184e-05
 -8.20515415e-05 -4.11570072e-05  7.66813755e-05  3.64035368e-05
 -6.48654532e-05 -3.88920307e-05  6.28442504e-05  3.10130417e-05
 -7.46345613e-05 -3.50177288e-05  7.22692348e-05  3.60570848e-05
 -7.26769213e-05 -3.74186784e-05  7.32601620e-05  2.85599381e-05
 -4.97078290e-05  9.68575478e-06  2.87828030e-05  4.65228338e-05]
 |  /           |
 ' /   __| _` | __|  _ \   __|
 . \  |   (   | |   (   |\__ \
_|\_\_|  \__,_|\__|\___/ ____/
           Multi-Physics 9.1."3"-1c2eb2bf63-Debug
Compiled with threading support.
Maximum number of threads: 1.
Process Id: 1844597 
Importing    KratosStructuralMechanicsApplication 
    KRATOS   ___|  |                   |                   |
           \___ \  __|  __| |   |  __| __| |   |  __| _` | |
                 | |   |    |   | (    |   |   | |   (   | |
           _____/ \__|_|   \__,_|\___|\__|\__,_|_|  \__,_|_| MECHANICS
Initializing KratosStructuralMechanicsApplication...
Importing    KratosConstitutiveLawsApplication 
Initializing KratosConstitutiveLawsApplication...
Importing    KratosRomApplication 
Initializing KratosRomApplication...
